1 691129131
2 128862651
3 37428022
4 15104362
5 7503343
6 4351399
7 2805376
8 1952127
9 1438831
10 1106604
11 877785
12 716705
13 602734
14 521049
15 457211
16 414819
17 383288
18 365462
19 355336
20 359225
21 376066
22 406946
23 457131
24 531142
25 637169
26 776725
27 962588
28 1202270
29 1506190
30 1876030
31 2328521
32 2862958
33 3481626
34 4185590
35 4965784
36 5826011
37 6739412
38 7701004
39 8667283
40 9631950
41 10571064
42 11445180
43 12222935
44 12899195
45 13440402
46 13843089
47 14087816
48 14159819
49 14071595
50 13816105
51 13431160
52 12909627
53 12272350
54 11545613
55 10748849
56 9908532
57 9046580
58 8175791
59 7322309
60 6509547
61 5740119
62 5013404
63 4350964
64 3760335
65 3229101
66 2771424
67 2371477
68 2033504
69 1750899
70 1523700
71 1344532
72 1207095
73 1107485
74 1041042
75 1006065
76 992659
77 1004366
78 1038770
79 1085468
80 1142918
81 1215905
82 1293552
83 1375908
84 1465363
85 1554413
86 1646399
87 1737171
88 1824042
89 1899441
90 1978124
91 2045359
92 2103910
93 2154466
94 2195410
95 2226599
96 2243215
97 2251328
98 2246078
99 2231179
100 2203688
101 2163108
102 2120801
103 2066121
104 2001486
105 1932886
106 1857549
107 1776656
108 1692289
109 1607196
110 1520531
111 1434201
112 1350431
113 1265081
114 1184200
115 1106622
116 1033678
117 965659
118 903408
119 843859
120 791899
121 742995
122 702174
123 664355
124 630971
125 604213
126 579727
127 562756
128 547613
129 538048
130 526330
131 522578
132 520952
133 518804
134 519994
135 522709
136 525355
137 529837
138 532980
139 535998
140 539363
141 540763
142 544795
143 548977
144 548238
145 548184
146 547976
147 545009
148 542052
149 536827
150 531530
151 523934
152 517660
153 507632
154 499585
155 487917
156 476754
157 465601
158 452560
159 440987
160 427793
161 414933
162 401516
163 389872
164 378512
165 366119
166 354814
167 342789
168 331803
169 321646
170 311660
171 302827
172 294948
173 285535
174 278895
175 272149
176 267536
177 261211
178 257289
179 251954
180 249489
181 245580
182 243146
183 240307
184 238135
185 236051
186 234431
187 233199
188 232190
189 229293
190 229419
191 228672
192 227204
193 226331
194 225697
195 224349
196 222906
197 221086
198 218493
199 217111
200 215186
201 213193
202 210872
203 208009
204 206348
205 203339
206 200864
207 198592
208 195132
209 192881
210 188981
211 185644
212 182424
213 179979
214 176453
215 173421
216 170453
217 166504
218 163576
219 160669
220 157982
221 155271
222 152860
223 149551
224 147013
225 144670
226 141794
227 139449
228 138395
229 136277
230 134149
231 132081
232 130111
233 129820
234 127437
235 126287
236 124101
237 123362
238 122540
239 120289
240 119925
241 118402
242 117169
243 117292
244 115558
245 114800
246 114026
247 112743
248 110801
249 110350
250 109749
251 108412
252 107798
253 107194
254 105924
255 105107
256 103730
257 102663
258 101163
259 101077
260 99636
261 98238
262 97580
263 96153
264 95688
265 94231
266 93482
267 92312
268 90778
269 89733
270 89225
271 87499
272 86434
273 86092
274 85143
275 83808
276 83083
277 82451
278 81348
279 80959
280 79211
281 79112
282 78141
283 77396
284 76742
285 76297
286 75483
287 74466
288 73583
289 73297
290 72733
291 72041
292 71327
293 70742
294 71012
295 69759
296 68992
297 68094
298 68106
299 67567
300 67347
301 66833
302 65986
303 65687
304 64800
305 64294
306 64352
307 63653
308 63334
309 62376
310 62098
311 61732
312 61142
313 60474
314 60326
315 59605
316 59555
317 58916
318 58350
319 57679
320 56967
321 56878
322 56347
323 55644
324 55166
325 54986
326 54954
327 53926
328 53136
329 52376
330 52402
331 52047
332 51558
333 51781
334 50821
335 50481
336 49992
337 49292
338 49118
339 49112
340 48249
341 47949
342 47985
343 47476
344 47180
345 46641
346 45953
347 45996
348 46068
349 45133
350 45275
351 44924
352 44295
353 44287
354 43803
355 43509
356 43153
357 42797
358 42563
359 42123
360 42004
361 41524
362 41526
363 41199
364 41210
365 40781
366 40514
367 40099
368 40371
369 39693
370 39307
371 39182
372 38891
373 38538
374 38487
375 38230
376 37819
377 37446
378 37218
379 36903
380 36427
381 36351
382 36657
383 35775
384 35732
385 35740
386 35047
387 34774
388 34644
389 34740
390 34445
391 34314
392 34365
393 33673
394 33362
395 33334
396 33211
397 32796
398 32660
399 32459
400 32363
401 31767
402 32247
403 31938
404 32114
405 31369
406 31106
407 30972
408 31016
409 30855
410 30627
411 30071
412 30022
413 29899
414 29849
415 29725
416 29555
417 29203
418 28985
419 29061
420 28761
421 28776
422 28406
423 28571
424 28207
425 27734
426 27660
427 27704
428 27628
429 27380
430 27421
431 27221
432 26652
433 26745
434 26866
435 26310
436 26083
437 26197
438 25823
439 25531
440 25555
441 25543
442 25359
443 25246
444 25133
445 25007
446 24983
447 24860
448 24728
449 24772
450 24767
451 24587
452 24168
453 24198
454 24133
455 23627
456 23562
457 23734
458 23222
459 23432
460 23339
461 22883
462 23030
463 22822
464 22590
465 22576
466 22194
467 22166
468 21880
469 21997
470 22199
471 21853
472 22001
473 21494
474 21396
475 21334
476 21370
477 21229
478 21218
479 20765
480 20944
481 20558
482 20872
483 20900
484 20611
485 20490
486 20560
487 20426
488 20597
489 20157
490 19834
491 19875
492 20147
493 19936
494 19880
495 19651
496 19505
497 19456
498 19386
499 19130
500 19005
501 19178
502 18900
503 19155
504 18809
505 18489
506 18668
507 18694
508 18356
509 18196
510 18249
511 18093
512 18035
513 17765
514 17628
515 17914
516 17713
517 17529
518 17316
519 17427
520 17522
521 17116
522 17527
523 17223
524 16963
525 16981
526 16949
527 16746
528 16741
529 16575
530 16677
531 16403
532 16775
533 16396
534 16019
535 16214
536 16332
537 16075
538 16230
539 15866
540 15789
541 15893
542 15889
543 15560
544 15549
545 15675
546 15297
547 15470
548 15464
549 15455
550 15183
551 15348
552 15039
553 15277
554 15247
555 15026
556 14869
557 14851
558 14802
559 14775
560 14598
561 14578
562 14502
563 14542
564 14386
565 14052
566 14239
567 14055
568 14397
569 14154
570 14188
571 13913
572 13976
573 13851
574 13692
575 13738
576 13623
577 13921
578 13601
579 13631
580 13323
581 13586
582 13304
583 13367
584 13227
585 13162
586 13124
587 13273
588 13231
589 13127
590 13108
591 12756
592 12981
593 12915
594 12803
595 12835
596 12912
597 12854
598 12640
599 12683
600 12590
601 12427
602 12556
603 12353
604 12374
605 12352
606 12082
607 12330
608 12128
609 11995
610 11921
611 11879
612 12063
613 12070
614 11895
615 11941
616 11947
617 11805
618 11747
619 11690
620 11606
621 11696
622 11404
623 11544
624 11394
625 11554
626 11382
627 11482
628 11381
629 11335
630 11128
631 11204
632 11129
633 11112
634 11008
635 11171
636 10822
637 10814
638 10835
639 10822
640 10791
641 10580
642 10605
643 10717
644 10555
645 10516
646 10664
647 10370
648 10394
649 10479
650 10354
651 10433
652 10354
653 10320
654 10406
655 10279
656 10239
657 10117
658 10110
659 10117
660 10236
661 10043
662 10194
663 10020
664 9955
665 9955
666 9893
667 9802
668 9922
669 9949
670 9782
671 9762
672 9685
673 9596
674 9704
675 9620
676 9491
677 9529
678 9541
679 9295
680 9447
681 9544
682 9537
683 9418
684 9329
685 9262
686 9054
687 9329
688 9155
689 9140
690 9111
691 9063
692 9048
693 9196
694 9120
695 8894
696 8992
697 8999
698 8868
699 8862
700 8820
701 9035
702 8740
703 8964
704 8724
705 8805
706 8643
707 8643
708 8594
709 8558
710 8705
711 8604
712 8501
713 8623
714 8631
715 8520
716 8297
717 8466
718 8371
719 8439
720 8307
721 8382
722 8314
723 8422
724 8381
725 8300
726 8220
727 7919
728 8236
729 8156
730 8080
731 8119
732 8184
733 8054
734 8025
735 7669
736 7989
737 7942
738 7942
739 7896
740 7815
741 7862
742 7816
743 7818
744 7850
745 7520
746 7614
747 7732
748 7751
749 7705
750 7543
751 7595
752 7377
753 7574
754 7304
755 7626
756 7530
757 7306
758 7479
759 7315
760 7513
761 7256
762 7410
763 7290
764 7213
765 7171
766 7278
767 7273
768 7256
769 7263
770 7239
771 7169
772 7212
773 7052
774 7099
775 7167
776 6870
777 7174
778 7131
779 6964
780 7222
781 6958
782 6970
783 6978
784 7007
785 6935
786 6875
787 6866
788 6836
789 6733
790 6815
791 6846
792 6842
793 6732
794 6765
795 6688
796 6686
797 6762
798 6770
799 6731
800 6555
801 6520
802 6634
803 6450
804 6457
805 6663
806 6502
807 6381
808 6503
809 6468
810 6514
811 6417
812 6372
813 6411
814 6308
815 6397
816 6352
817 6413
818 6412
819 6264
820 6418
821 6179
822 6360
823 6268
824 6183
825 6227
826 6234
827 6287
828 6118
829 6086
830 6061
831 5997
832 6021
833 6019
834 6082
835 5914
836 5978
837 6044
838 6061
839 5933
840 6102
841 5912
842 5887
843 5779
844 5742
845 5933
846 5756
847 5981
848 5874
849 5700
850 5701
851 5834
852 5643
853 5711
854 5629
855 5671
856 5829
857 5615
858 5608
859 5687
860 5609
861 5763
862 5598
863 5601
864 5562
865 5501
866 5523
867 5587
868 5657
869 5592
870 5553
871 5649
872 5516
873 5465
874 5496
875 5455
876 5518
877 5444
878 5375
879 5397
880 5532
881 5312
882 5540
883 5231
884 5370
885 5237
886 5174
887 5330
888 5225
889 5179
890 5132
891 5278
892 5208
893 5199
894 5259
895 5201
896 5116
897 5110
898 5041
899 5059
900 5021
901 5134
902 4976
903 5112
904 5080
905 5064
906 5082
907 5090
908 4906
909 4921
910 4965
911 4904
912 4951
913 4800
914 4937
915 4901
916 4912
917 4986
918 4896
919 4963
920 4888
921 4796
922 4838
923 4812
924 4814
925 4843
926 4806
927 4861
928 4759
929 4698
930 4750
931 4634
932 4650
933 4673
934 4665
935 4526
936 4612
937 4657
938 4659
939 4673
940 4524
941 4519
942 4609
943 4609
944 4636
945 4547
946 4508
947 4622
948 4452
949 4598
950 4450
951 4482
952 4526
953 4482
954 4377
955 4391
956 4397
957 4424
958 4498
959 4447
960 4356
961 4316
962 4302
963 4373
964 4366
965 4259
966 4406
967 4540
968 4327
969 4266
970 4303
971 4336
972 4185
973 4377
974 4261
975 4358
976 4235
977 4252
978 4316
979 4195
980 4136
981 4135
982 4215
983 4130
984 4175
985 4208
986 4192
987 4164
988 4182
989 4240
990 4063
991 4159
992 4044
993 4103
994 4049
995 4156
996 4009
997 4008
998 3914
999 4029
1000 3952
1001 4016
1002 4018
1003 3861
1004 4071
1005 4011
1006 3938
1007 3928
1008 3876
1009 3894
1010 4068
1011 3888
1012 3985
1013 3928
1014 3944
1015 3887
1016 3890
1017 3948
1018 3920
1019 3812
1020 3859
1021 3912
1022 3836
1023 3865
1024 3872
1025 3931
1026 3807
1027 3866
1028 3822
1029 3851
1030 3750
1031 3736
1032 3850
1033 3768
1034 3801
1035 3734
1036 3672
1037 3846
1038 3713
1039 3583
1040 3699
1041 3663
1042 3747
1043 3636
1044 3688
1045 3622
1046 3566
1047 3638
1048 3754
1049 3627
1050 3695
1051 3620
1052 3588
1053 3593
1054 3752
1055 3685
1056 3653
1057 3731
1058 3687
1059 3597
1060 3550
1061 3579
1062 3529
1063 3620
1064 3544
1065 3472
1066 3506
1067 3490
1068 3541
1069 3381
1070 3516
1071 3501
1072 3489
1073 3491
1074 3510
1075 3415
1076 3549
1077 3429
1078 3454
1079 3505
1080 3376
1081 3479
1082 3360
1083 3366
1084 3366
1085 3319
1086 3349
1087 3433
1088 3349
1089 3279
1090 3230
1091 3344
1092 3303
1093 3272
1094 3356
1095 3173
1096 3281
1097 3259
1098 3307
1099 3277
1100 3299
1101 3356
1102 3338
1103 3297
1104 3284
1105 3252
1106 3232
1107 3329
1108 3286
1109 3279
1110 3248
1111 3187
1112 3159
1113 3308
1114 3245
1115 3211
1116 3244
1117 3181
1118 3106
1119 3142
1120 3249
1121 3242
1122 3247
1123 3137
1124 3137
1125 3135
1126 3089
1127 3180
1128 3090
1129 3061
1130 3039
1131 3170
1132 3057
1133 3169
1134 3117
1135 3058
1136 3124
1137 3076
1138 2994
1139 3032
1140 3041
1141 2995
1142 3031
1143 3104
1144 2904
1145 3104
1146 2907
1147 2968
1148 2940
1149 2993
1150 2953
1151 3006
1152 3011
1153 2933
1154 3063
1155 2939
1156 2972
1157 2988
1158 2997
1159 2894
1160 2984
1161 2951
1162 2872
1163 2946
1164 2725
1165 2897
1166 2891
1167 2784
1168 2906
1169 2907
1170 2848
1171 2823
1172 2864
1173 2837
1174 2860
1175 2860
1176 2880
1177 2757
1178 2825
1179 2760
1180 2833
1181 2640
1182 2795
1183 2835
1184 2790
1185 2809
1186 2798
1187 2772
1188 2768
1189 2826
1190 2894
1191 2750
1192 2741
1193 2708
1194 2680
1195 2695
1196 2706
1197 2738
1198 2655
1199 2830
1200 2678
1201 2760
1202 2703
1203 2721
1204 2793
1205 2721
1206 2711
1207 2661
1208 2649
1209 2635
1210 2713
1211 2676
1212 2719
1213 2585
1214 2631
1215 2723
1216 2676
1217 2613
1218 2611
1219 2639
1220 2690
1221 2756
1222 2630
1223 2675
1224 2598
1225 2553
1226 2611
1227 2685
1228 2624
1229 2729
1230 2605
1231 2471
1232 2641
1233 2601
1234 2591
1235 2630
1236 2563
1237 2514
1238 2554
1239 2595
1240 2463
1241 2562
1242 2519
1243 2580
1244 2482
1245 2551
1246 2578
1247 2446
1248 2453
1249 2572
1250 2460
1251 2440
1252 2503
1253 2504
1254 2498
1255 2407
1256 2507
1257 2493
1258 2510
1259 2488
1260 2388
1261 2408
1262 2480
1263 2518
1264 2540
1265 2447
1266 2387
1267 2443
1268 2570
1269 2474
1270 2383
1271 2357
1272 2447
1273 2343
1274 2416
1275 2290
1276 2422
1277 2412
1278 2427
1279 2371
1280 2319
1281 2433
1282 2374
1283 2259
1284 2402
1285 2338
1286 2372
1287 2437
1288 2335
1289 2352
1290 2355
1291 2338
1292 2315
1293 2353
1294 2363
1295 2356
1296 2402
1297 2272
1298 2394
1299 2360
1300 2272
1301 2346
1302 2304
1303 2269
1304 2278
1305 2232
1306 2247
1307 2251
1308 2327
1309 2331
1310 2283
1311 2227
1312 2296
1313 2283
1314 2287
1315 2241
1316 2314
1317 2254
1318 2288
1319 2222
1320 2252
1321 2268
1322 2209
1323 2171
1324 2177
1325 2207
1326 2330
1327 2201
1328 2254
1329 2230
1330 2297
1331 2298
1332 2161
1333 2281
1334 2105
1335 2221
1336 2255
1337 2244
1338 2151
1339 2246
1340 2228
1341 2251
1342 2145
1343 2156
1344 2115
1345 2139
1346 2286
1347 2131
1348 2081
1349 2088
1350 2107
1351 2221
1352 2108
1353 2133
1354 2193
1355 2122
1356 2113
1357 2157
1358 2145
1359 2082
1360 2091
1361 2138
1362 2130
1363 2089
1364 2098
1365 2121
1366 2166
1367 2120
1368 2138
1369 2152
1370 2102
1371 2158
1372 2088
1373 2074
1374 2161
1375 2136
1376 2046
1377 2163
1378 2113
1379 2038
1380 2052
1381 1999
1382 2083
1383 2068
1384 2064
1385 2123
1386 2053
1387 2108
1388 2094
1389 2106
1390 2070
1391 2016
1392 2111
1393 2042
1394 1960
1395 2007
1396 1967
1397 1971
1398 2041
1399 1939
1400 2028
1401 1968
1402 1976
1403 1927
1404 2032
1405 2052
1406 1948
1407 2045
1408 2001
1409 1949
1410 2004
1411 1984
1412 1974
1413 2090
1414 2032
1415 1881
1416 1974
1417 1914
1418 1964
1419 2005
1420 1999
1421 1928
1422 1907
1423 2010
1424 1959
1425 1980
1426 1912
1427 2006
1428 1941
1429 1977
1430 2032
1431 1928
1432 2064
1433 1945
1434 1976
1435 1859
1436 1938
1437 1951
1438 1906
1439 1936
1440 1965
1441 1956
1442 1945
1443 1920
1444 1921
1445 1931
1446 1910
1447 2018
1448 1980
1449 1768
1450 1972
1451 1932
1452 1999
1453 1947
1454 1930
1455 1914
1456 1907
1457 1765
1458 1880
1459 1886
1460 1909
1461 1841
1462 1889
1463 1809
1464 1940
1465 1924
1466 1843
1467 1918
1468 1856
1469 1926
1470 1900
1471 1821
1472 1846
1473 1851
1474 1834
1475 1896
1476 1765
1477 1811
1478 1831
1479 1885
1480 1852
1481 1871
1482 1894
1483 1926
1484 1908
1485 1815
1486 1889
1487 1823
1488 1927
1489 1833
1490 1883
1491 1823
1492 1881
1493 1915
1494 1899
1495 1917
1496 1882
1497 1840
1498 1882
1499 1794
1500 1888
1501 1867
1502 1816
1503 1918
1504 1849
1505 1798
1506 1873
1507 1894
1508 1870
1509 1881
1510 1885
1511 1737
1512 1922
1513 1859
1514 1949
1515 1834
1516 1901
1517 1783
1518 1873
1519 1815
1520 1812
1521 1930
1522 1746
1523 1846
1524 1840
1525 1815
1526 1902
1527 1851
1528 1794
1529 1749
1530 1813
1531 1809
1532 1874
1533 1813
1534 1768
1535 1757
1536 1765
1537 1814
1538 1877
1539 1728
1540 1841
1541 1785
1542 1715
1543 1743
1544 1761
1545 1798
1546 1819
1547 1734
1548 1768
1549 1780
1550 1784
1551 1790
1552 1850
1553 1743
1554 1736
1555 1843
1556 1825
1557 1841
1558 1848
1559 1926
1560 1838
1561 1794
1562 1862
1563 1846
1564 1810
1565 1875
1566 1843
1567 1822
1568 1806
1569 1858
1570 1834
1571 1754
1572 1771
1573 1805
1574 1823
1575 1832
1576 1734
1577 1757
1578 1808
1579 1828
1580 1745
1581 1764
1582 1765
1583 1794
1584 1823
1585 1740
1586 1809
1587 1812
1588 1828
1589 1838
1590 1768
1591 1721
1592 1747
1593 1780
1594 1820
1595 1780
1596 1799
1597 1786
1598 1820
1599 1832
1600 1800
1601 1780
1602 1861
1603 1741
1604 1828
1605 1715
1606 1789
1607 1800
1608 1779
1609 1775
1610 1788
1611 1866
1612 1793
1613 1775
1614 1830
1615 1782
1616 1736
1617 1733
1618 1802
1619 1878
1620 1764
1621 1868
1622 1858
1623 1758
1624 1762
1625 1810
1626 1845
1627 1884
1628 1829
1629 1874
1630 1844
1631 1802
1632 1836
1633 1818
1634 1765
1635 1744
1636 1841
1637 1773
1638 1884
1639 1775
1640 1735
1641 1752
1642 1797
1643 1793
1644 1730
1645 1806
1646 1838
1647 1763
1648 1770
1649 1832
1650 1791
1651 1826
1652 1889
1653 1777
1654 1836
1655 1791
1656 1788
1657 1833
1658 1809
1659 1795
1660 1792
1661 1850
1662 1790
1663 1793
1664 1769
1665 1776
1666 1767
1667 1778
1668 1771
1669 1818
1670 1826
1671 1786
1672 1844
1673 1836
1674 1826
1675 1789
1676 1751
1677 1788
1678 1796
1679 1797
1680 1793
1681 1738
1682 1801
1683 1839
1684 1825
1685 1786
1686 1768
1687 1794
1688 1825
1689 1801
1690 1770
1691 1772
1692 1663
1693 1824
1694 1758
1695 1775
1696 1787
1697 1724
1698 1766
1699 1744
1700 1748
1701 1824
1702 1758
1703 1800
1704 1805
1705 1654
1706 1750
1707 1688
1708 1769
1709 1763
1710 1769
1711 1771
1712 1735
1713 1797
1714 1746
1715 1761
1716 1796
1717 1688
1718 1753
1719 1723
1720 1829
1721 1755
1722 1812
1723 1756
1724 1757
1725 1743
1726 1730
1727 1798
1728 1767
1729 1746
1730 1786
1731 1779
1732 1813
1733 1756
1734 1740
1735 1775
1736 1787
1737 1779
1738 1714
1739 1711
1740 1755
1741 1769
1742 1653
1743 1715
1744 1746
1745 1704
1746 1672
1747 1769
1748 1763
1749 1735
1750 1831
1751 1740
1752 1723
1753 1731
1754 1776
1755 1678
1756 1736
1757 1782
1758 1687
1759 1786
1760 1691
1761 1765
1762 1695
1763 1738
1764 1650
1765 1757
1766 1728
1767 1687
1768 1682
1769 1699
1770 1796
1771 1706
1772 1682
1773 1695
1774 1667
1775 1718
1776 1656
1777 1689
1778 1727
1779 1717
1780 1603
1781 1687
1782 1687
1783 1704
1784 1678
1785 1670
1786 1687
1787 1643
1788 1718
1789 1671
1790 1648
1791 1607
1792 1638
1793 1594
1794 1633
1795 1642
1796 1670
1797 1708
1798 1680
1799 1696
1800 1679
1801 1749
1802 1667
1803 1676
1804 1670
1805 1687
1806 1628
1807 1640
1808 1606
1809 1707
1810 1607
1811 1635
1812 1644
1813 1617
1814 1666
1815 1709
1816 1685
1817 1624
1818 1663
1819 1651
1820 1634
1821 1655
1822 1655
1823 1712
1824 1570
1825 1618
1826 1640
1827 1586
1828 1616
1829 1635
1830 1639
1831 1593
1832 1607
1833 1501
1834 1587
1835 1578
1836 1626
1837 1595
1838 1631
1839 1575
1840 1582
1841 1538
1842 1556
1843 1537
1844 1559
1845 1595
1846 1565
1847 1512
1848 1537
1849 1571
1850 1537
1851 1610
1852 1530
1853 1580
1854 1625
1855 1561
1856 1543
1857 1572
1858 1531
1859 1575
1860 1528
1861 1635
1862 1506
1863 1562
1864 1553
1865 1563
1866 1514
1867 1624
1868 1525
1869 1543
1870 1524
1871 1477
1872 1490
1873 1510
1874 1514
1875 1482
1876 1533
1877 1496
1878 1438
1879 1504
1880 1447
1881 1501
1882 1577
1883 1505
1884 1509
1885 1514
1886 1478
1887 1453
1888 1579
1889 1566
1890 1559
1891 1502
1892 1510
1893 1499
1894 1494
1895 1483
1896 1536
1897 1473
1898 1549
1899 1432
1900 1466
1901 1455
1902 1492
1903 1456
1904 1432
1905 1491
1906 1360
1907 1457
1908 1424
1909 1435
1910 1436
1911 1439
1912 1445
1913 1431
1914 1368
1915 1406
1916 1465
1917 1427
1918 1429
1919 1394
1920 1472
1921 1438
1922 1462
1923 1421
1924 1390
1925 1419
1926 1365
1927 1351
1928 1441
1929 1353
1930 1385
1931 1484
1932 1371
1933 1383
1934 1359
1935 1414
1936 1394
1937 1389
1938 1377
1939 1397
1940 1438
1941 1444
1942 1360
1943 1331
1944 1330
1945 1367
1946 1355
1947 1337
1948 1406
1949 1337
1950 1362
1951 1357
1952 1323
1953 1368
1954 1330
1955 1310
1956 1309
1957 1402
1958 1359
1959 1369
1960 1335
1961 1326
1962 1353
1963 1337
1964 1305
1965 1299
1966 1229
1967 1265
1968 1269
1969 1330
1970 1371
1971 1287
1972 1274
1973 1294
1974 1263
1975 1274
1976 1326
1977 1280
1978 1275
1979 1269
1980 1297
1981 1278
1982 1289
1983 1260
1984 1247
1985 1313
1986 1323
1987 1294
1988 1255
1989 1231
1990 1222
1991 1307
1992 1243
1993 1208
1994 1281
1995 1274
1996 1237
1997 1204
1998 1294
1999 1237
2000 1201
2001 1229
2002 1229
2003 1284
2004 1251
2005 1213
2006 1229
2007 1186
2008 1198
2009 1231
2010 1181
2011 1230
2012 1190
2013 1205
2014 1195
2015 1214
2016 1195
2017 1219
2018 1156
2019 1139
2020 1234
2021 1166
2022 1187
2023 1238
2024 1212
2025 1186
2026 1168
2027 1199
2028 1122
2029 1160
2030 1132
2031 1141
2032 1200
2033 1154
2034 1204
2035 1158
2036 1188
2037 1219
2038 1122
2039 1172
2040 1097
2041 1151
2042 1170
2043 1143
2044 1162
2045 1084
2046 1099
2047 1131
2048 1165
2049 1082
2050 1140
2051 1132
2052 1056
2053 1110
2054 1137
2055 1105
2056 1101
2057 1101
2058 1157
2059 1064
2060 1125
2061 1092
2062 1141
2063 1069
2064 1135
2065 1084
2066 1106
2067 1093
2068 1122
2069 1013
2070 1123
2071 1059
2072 1082
2073 1117
2074 1110
2075 1104
2076 1026
2077 1070
2078 1028
2079 1003
2080 1058
2081 1058
2082 1030
2083 1099
2084 1003
2085 1045
2086 1075
2087 1028
2088 1017
2089 1030
2090 1006
2091 1102
2092 1026
2093 1061
2094 1035
2095 995
2096 1022
2097 1039
2098 995
2099 1043
2100 1015
2101 1002
2102 996
2103 1018
2104 1036
2105 910
2106 1061
2107 1037
2108 1011
2109 998
2110 1001
2111 1028
2112 1054
2113 975
2114 1040
2115 993
2116 946
2117 1009
2118 953
2119 1027
2120 977
2121 1006
2122 901
2123 1005
2124 1017
2125 989
2126 982
2127 1053
2128 936
2129 969
2130 961
2131 952
2132 992
2133 964
2134 964
2135 927
2136 929
2137 951
2138 971
2139 930
2140 938
2141 978
2142 967
2143 912
2144 958
2145 921
2146 864
2147 979
2148 904
2149 862
2150 942
2151 947
2152 972
2153 877
2154 903
2155 946
2156 948
2157 929
2158 881
2159 905
2160 879
2161 934
2162 879
2163 939
2164 922
2165 913
2166 879
2167 915
2168 896
2169 898
2170 910
2171 915
2172 921
2173 880
2174 884
2175 881
2176 887
2177 892
2178 864
2179 875
2180 909
2181 922
2182 892
2183 858
2184 870
2185 856
2186 909
2187 865
2188 846
2189 827
2190 883
2191 852
2192 833
2193 870
2194 858
2195 890
2196 822
2197 905
2198 873
2199 887
2200 832
2201 824
2202 858
2203 871
2204 788
2205 877
2206 829
2207 823
2208 867
2209 874
2210 856
2211 863
2212 802
2213 825
2214 792
2215 855
2216 812
2217 789
2218 823
2219 837
2220 843
2221 829
2222 761
2223 838
2224 831
2225 850
2226 799
2227 790
2228 804
2229 837
2230 807
2231 820
2232 829
2233 818
2234 871
2235 775
2236 836
2237 831
2238 850
2239 822
2240 795
2241 812
2242 821
2243 837
2244 805
2245 791
2246 770
2247 848
2248 781
2249 841
2250 783
2251 803
2252 758
2253 796
2254 784
2255 776
2256 787
2257 716
2258 774
2259 728
2260 785
2261 773
2262 802
2263 793
2264 795
2265 751
2266 688
2267 730
2268 749
2269 736
2270 801
2271 729
2272 790
2273 750
2274 751
2275 764
2276 785
2277 720
2278 715
2279 773
2280 754
2281 737
2282 845
2283 790
2284 748
2285 779
2286 749
2287 696
2288 738
2289 735
2290 747
2291 754
2292 762
2293 766
2294 711
2295 761
2296 751
2297 683
2298 734
2299 725
2300 716
2301 738
2302 776
2303 707
2304 746
2305 726
2306 781
2307 703
2308 742
2309 731
2310 697
2311 711
2312 678
2313 710
2314 761
2315 707
2316 710
2317 699
2318 708
2319 723
2320 740
2321 721
2322 694
2323 679
2324 697
2325 770
2326 774
2327 707
2328 662
2329 750
2330 699
2331 698
2332 671
2333 692
2334 742
2335 680
2336 713
2337 732
2338 711
2339 734
2340 649
2341 732
2342 650
2343 715
2344 722
2345 685
2346 671
2347 666
2348 671
2349 692
2350 743
2351 672
2352 677
2353 673
2354 680
2355 707
2356 661
2357 664
2358 694
2359 656
2360 711
2361 650
2362 725
2363 729
2364 688
2365 693
2366 713
2367 732
2368 643
2369 706
2370 713
2371 703
2372 663
2373 652
2374 658
2375 676
2376 687
2377 673
2378 668
2379 664
2380 645
2381 636
2382 694
2383 660
2384 658
2385 702
2386 655
2387 661
2388 650
2389 631
2390 610
2391 694
2392 664
2393 622
2394 679
2395 630
2396 692
2397 641
2398 624
2399 648
2400 688
2401 634
2402 663
2403 629
2404 627
2405 609
2406 644
2407 639
2408 680
2409 654
2410 652
2411 630
2412 622
2413 615
2414 610
2415 641
2416 627
2417 656
2418 657
2419 671
2420 646
2421 605
2422 654
2423 660
2424 588
2425 659
2426 672
2427 651
2428 625
2429 639
2430 620
2431 663
2432 573
2433 685
2434 576
2435 639
2436 628
2437 651
2438 613
2439 645
2440 637
2441 634
2442 577
2443 591
2444 611
2445 632
2446 570
2447 593
2448 595
2449 640
2450 619
2451 607
2452 636
2453 640
2454 652
2455 646
2456 622
2457 617
2458 595
2459 627
2460 629
2461 666
2462 608
2463 622
2464 640
2465 589
2466 644
2467 615
2468 587
2469 582
2470 643
2471 558
2472 605
2473 617
2474 594
2475 597
2476 630
2477 607
2478 566
2479 597
2480 546
2481 581
2482 576
2483 619
2484 621
2485 591
2486 625
2487 546
2488 569
2489 611
2490 598
2491 567
2492 599
2493 637
2494 566
2495 582
2496 582
2497 543
2498 615
2499 606
2500 594
2501 577
2502 597
2503 585
2504 627
2505 583
2506 645
2507 593
2508 614
2509 548
2510 588
2511 590
2512 597
2513 591
2514 609
2515 609
2516 647
2517 595
2518 598
2519 568
2520 558
2521 544
2522 603
2523 600
2524 589
2525 571
2526 578
2527 553
2528 561
2529 593
2530 532
2531 577
2532 550
2533 547
2534 596
2535 597
2536 571
2537 590
2538 597
2539 575
2540 582
2541 523
2542 563
2543 597
2544 549
2545 499
2546 559
2547 591
2548 589
2549 566
2550 539
2551 525
2552 547
2553 596
2554 592
2555 548
2556 566
2557 549
2558 583
2559 546
2560 557
2561 572
2562 564
2563 583
2564 544
2565 529
2566 536
2567 609
2568 538
2569 572
2570 495
2571 510
2572 556
2573 522
2574 565
2575 559
2576 569
2577 531
2578 531
2579 584
2580 565
2581 567
2582 516
2583 530
2584 542
2585 554
2586 530
2587 526
2588 553
2589 525
2590 579
2591 552
2592 520
2593 547
2594 485
2595 594
2596 554
2597 541
2598 536
2599 532
2600 547
2601 559
2602 544
2603 541
2604 565
2605 553
2606 527
2607 543
2608 541
2609 528
2610 522
2611 531
2612 530
2613 507
2614 552
2615 563
2616 514
2617 506
2618 504
2619 540
2620 543
2621 517
2622 514
2623 525
2624 512
2625 527
2626 508
2627 560
2628 528
2629 484
2630 523
2631 548
2632 580
2633 511
2634 489
2635 508
2636 511
2637 490
2638 529
2639 481
2640 513
2641 553
2642 516
2643 490
2644 486
2645 471
2646 514
2647 525
2648 533
2649 512
2650 485
2651 514
2652 491
2653 525
2654 484
2655 525
2656 514
2657 509
2658 483
2659 519
2660 513
2661 472
2662 528
2663 523
2664 523
2665 501
2666 450
2667 491
2668 506
2669 568
2670 501
2671 507
2672 472
2673 502
2674 454
2675 528
2676 472
2677 482
2678 526
2679 495
2680 487
2681 523
2682 446
2683 499
2684 506
2685 489
2686 471
2687 460
2688 478
2689 514
2690 457
2691 478
2692 482
2693 497
2694 465
2695 480
2696 530
2697 530
2698 461
2699 529
2700 497
2701 514
2702 460
2703 485
2704 446
2705 485
2706 483
2707 461
2708 467
2709 525
2710 478
2711 502
2712 477
2713 463
2714 508
2715 460
2716 503
2717 476
2718 500
2719 476
2720 508
2721 445
2722 493
2723 505
2724 475
2725 461
2726 467
2727 501
2728 443
2729 479
2730 456
2731 500
2732 473
2733 468
2734 494
2735 472
2736 507
2737 477
2738 459
2739 475
2740 452
2741 502
2742 478
2743 516
2744 444
2745 478
2746 497
2747 459
2748 453
2749 466
2750 505
2751 499
2752 462
2753 481
2754 467
2755 458
2756 460
2757 434
2758 429
2759 480
2760 466
2761 497
2762 486
2763 457
2764 440
2765 467
2766 516
2767 477
2768 452
2769 448
2770 434
2771 465
2772 476
2773 446
2774 433
2775 448
2776 439
2777 453
2778 463
2779 449
2780 468
2781 467
2782 452
2783 453
2784 467
2785 508
2786 467
2787 438
2788 441
2789 445
2790 469
2791 446
2792 414
2793 439
2794 470
2795 447
2796 458
2797 474
2798 409
2799 414
2800 450
2801 466
2802 474
2803 482
2804 477
2805 440
2806 427
2807 449
2808 478
2809 456
2810 454
2811 456
2812 450
2813 451
2814 454
2815 461
2816 447
2817 497
2818 487
2819 496
2820 429
2821 448
2822 431
2823 459
2824 397
2825 457
2826 430
2827 453
2828 436
2829 445
2830 469
2831 441
2832 457
2833 401
2834 402
2835 451
2836 456
2837 429
2838 428
2839 456
2840 481
2841 412
2842 465
2843 447
2844 424
2845 462
2846 456
2847 441
2848 469
2849 444
2850 452
2851 479
2852 465
2853 451
2854 419
2855 446
2856 461
2857 423
2858 430
2859 420
2860 420
2861 452
2862 405
2863 435
2864 437
2865 413
2866 441
2867 439
2868 431
2869 438
2870 427
2871 429
2872 441
2873 418
2874 414
2875 420
2876 473
2877 422
2878 451
2879 420
2880 444
2881 443
2882 413
2883 399
2884 443
2885 449
2886 418
2887 471
2888 434
2889 467
2890 429
2891 411
2892 432
2893 419
2894 402
2895 471
2896 412
2897 412
2898 439
2899 430
2900 410
2901 423
2902 368
2903 416
2904 406
2905 433
2906 432
2907 421
2908 425
2909 435
2910 413
2911 405
2912 441
2913 432
2914 411
2915 447
2916 415
2917 435
2918 428
2919 424
2920 435
2921 412
2922 413
2923 410
2924 406
2925 411
2926 443
2927 413
2928 415
2929 418
2930 444
2931 432
2932 389
2933 451
2934 428
2935 397
2936 413
2937 412
2938 392
2939 429
2940 415
2941 403
2942 397
2943 442
2944 413
2945 410
2946 416
2947 455
2948 434
2949 400
2950 408
2951 403
2952 420
2953 402
2954 396
2955 392
2956 425
2957 368
2958 410
2959 389
2960 417
2961 400
2962 404
2963 375
2964 414
2965 410
2966 426
2967 395
2968 418
2969 395
2970 436
2971 403
2972 410
2973 353
2974 413
2975 353
2976 397
2977 365
2978 398
2979 372
2980 427
2981 412
2982 443
2983 386
2984 416
2985 441
2986 409
2987 386
2988 368
2989 374
2990 390
2991 371
2992 412
2993 439
2994 388
2995 409
2996 417
2997 394
2998 413
2999 400
3000 382
3001 359
3002 357
3003 395
3004 395
3005 346
3006 415
3007 395
3008 420
3009 362
3010 365
3011 380
3012 400
3013 400
3014 370
3015 370
3016 394
3017 380
3018 357
3019 397
3020 376
3021 384
3022 385
3023 374
3024 379
3025 401
3026 378
3027 374
3028 383
3029 404
3030 358
3031 392
3032 374
3033 364
3034 369
3035 352
3036 366
3037 404
3038 391
3039 394
3040 394
3041 387
3042 357
3043 406
3044 387
3045 389
3046 398
3047 405
3048 395
3049 358
3050 412
3051 401
3052 370
3053 388
3054 380
3055 392
3056 418
3057 408
3058 389
3059 344
3060 369
3061 366
3062 374
3063 420
3064 387
3065 386
3066 414
3067 423
3068 379
3069 388
3070 394
3071 415
3072 384
3073 368
3074 409
3075 397
3076 407
3077 390
3078 385
3079 398
3080 393
3081 392
3082 373
3083 375
3084 385
3085 367
3086 357
3087 348
3088 408
3089 349
3090 377
3091 340
3092 375
3093 353
3094 373
3095 377
3096 383
3097 342
3098 367
3099 350
3100 389
3101 357
3102 378
3103 381
3104 382
3105 363
3106 371
3107 374
3108 343
3109 361
3110 348
3111 365
3112 373
3113 380
3114 349
3115 392
3116 382
3117 359
3118 344
3119 382
3120 397
3121 348
3122 382
3123 368
3124 347
3125 345
3126 372
3127 338
3128 379
3129 391
3130 323
3131 382
3132 355
3133 389
3134 343
3135 366
3136 363
3137 379
3138 379
3139 366
3140 343
3141 332
3142 340
3143 355
3144 330
3145 337
3146 360
3147 383
3148 355
3149 367
3150 355
3151 361
3152 346
3153 347
3154 325
3155 374
3156 367
3157 355
3158 356
3159 381
3160 332
3161 343
3162 352
3163 350
3164 343
3165 326
3166 358
3167 340
3168 378
3169 317
3170 377
3171 379
3172 303
3173 367
3174 358
3175 338
3176 383
3177 365
3178 368
3179 362
3180 357
3181 322
3182 324
3183 341
3184 379
3185 368
3186 340
3187 372
3188 391
3189 357
3190 328
3191 352
3192 358
3193 345
3194 335
3195 364
3196 345
3197 369
3198 319
3199 320
3200 369
3201 340
3202 316
3203 346
3204 337
3205 319
3206 358
3207 355
3208 341
3209 322
3210 368
3211 331
3212 319
3213 353
3214 354
3215 325
3216 354
3217 364
3218 316
3219 363
3220 337
3221 320
3222 360
3223 369
3224 349
3225 340
3226 343
3227 356
3228 348
3229 352
3230 367
3231 321
3232 361
3233 314
3234 347
3235 358
3236 365
3237 320
3238 345
3239 310
3240 319
3241 341
3242 360
3243 361
3244 327
3245 359
3246 341
3247 336
3248 372
3249 364
3250 316
3251 305
3252 340
3253 331
3254 352
3255 344
3256 323
3257 320
3258 345
3259 336
3260 349
3261 323
3262 336
3263 347
3264 315
3265 306
3266 317
3267 338
3268 345
3269 358
3270 347
3271 343
3272 323
3273 348
3274 328
3275 334
3276 323
3277 319
3278 335
3279 345
3280 336
3281 335
3282 305
3283 357
3284 340
3285 326
3286 331
3287 344
3288 321
3289 341
3290 339
3291 313
3292 328
3293 314
3294 305
3295 324
3296 297
3297 305
3298 340
3299 318
3300 333
3301 305
3302 336
3303 322
3304 319
3305 337
3306 328
3307 329
3308 311
3309 359
3310 313
3311 333
3312 317
3313 348
3314 321
3315 335
3316 296
3317 316
3318 348
3319 296
3320 305
3321 296
3322 331
3323 351
3324 333
3325 334
3326 348
3327 314
3328 316
3329 355
3330 343
3331 363
3332 303
3333 286
3334 324
3335 307
3336 302
3337 324
3338 331
3339 310
3340 327
3341 334
3342 292
3343 361
3344 356
3345 313
3346 324
3347 299
3348 324
3349 313
3350 302
3351 334
3352 313
3353 344
3354 306
3355 328
3356 304
3357 307
3358 343
3359 302
3360 307
3361 302
3362 324
3363 306
3364 340
3365 294
3366 312
3367 303
3368 304
3369 297
3370 324
3371 317
3372 279
3373 340
3374 332
3375 277
3376 332
3377 301
3378 361
3379 305
3380 361
3381 317
3382 326
3383 295
3384 309
3385 319
3386 330
3387 323
3388 325
3389 280
3390 300
3391 330
3392 311
3393 325
3394 313
3395 315
3396 257
3397 314
3398 339
3399 343
3400 296
3401 324
3402 300
3403 285
3404 304
3405 307
3406 304
3407 315
3408 300
3409 318
3410 324
3411 333
3412 285
3413 278
3414 303
3415 285
3416 276
3417 341
3418 301
3419 339
3420 301
3421 317
3422 319
3423 320
3424 315
3425 305
3426 307
3427 280
3428 316
3429 297
3430 308
3431 311
3432 305
3433 321
3434 309
3435 318
3436 321
3437 307
3438 319
3439 288
3440 329
3441 312
3442 344
3443 301
3444 305
3445 298
3446 298
3447 289
3448 301
3449 313
3450 309
3451 268
3452 291
3453 290
3454 262
3455 303
3456 271
3457 347
3458 285
3459 296
3460 289
3461 298
3462 301
3463 290
3464 331
3465 292
3466 302
3467 296
3468 318
3469 311
3470 291
3471 325
3472 277
3473 298
3474 289
3475 308
3476 297
3477 291
3478 292
3479 277
3480 301
3481 309
3482 288
3483 326
3484 276
3485 269
3486 293
3487 297
3488 266
3489 300
3490 304
3491 292
3492 300
3493 298
3494 291
3495 291
3496 292
3497 262
3498 284
3499 298
3500 286
3501 278
3502 293
3503 318
3504 291
3505 295
3506 284
3507 303
3508 273
3509 257
3510 310
3511 290
3512 329
3513 301
3514 278
3515 315
3516 311
3517 297
3518 313
3519 301
3520 299
3521 293
3522 279
3523 304
3524 278
3525 271
3526 317
3527 283
3528 295
3529 286
3530 317
3531 302
3532 265
3533 293
3534 270
3535 272
3536 281
3537 272
3538 251
3539 293
3540 270
3541 290
3542 276
3543 287
3544 324
3545 301
3546 282
3547 296
3548 284
3549 293
3550 271
3551 279
3552 293
3553 257
3554 313
3555 292
3556 277
3557 285
3558 288
3559 290
3560 305
3561 265
3562 296
3563 270
3564 300
3565 305
3566 276
3567 306
3568 301
3569 295
3570 266
3571 290
3572 273
3573 307
3574 294
3575 332
3576 265
3577 294
3578 313
3579 270
3580 246
3581 281
3582 258
3583 267
3584 282
3585 282
3586 269
3587 312
3588 268
3589 254
3590 311
3591 268
3592 286
3593 284
3594 318
3595 274
3596 302
3597 261
3598 263
3599 268
3600 260
3601 259
3602 300
3603 282
3604 261
3605 291
3606 275
3607 303
3608 276
3609 308
3610 284
3611 300
3612 261
3613 294
3614 283
3615 293
3616 299
3617 259
3618 313
3619 289
3620 277
3621 271
3622 271
3623 244
3624 254
3625 305
3626 244
3627 311
3628 247
3629 303
3630 246
3631 273
3632 296
3633 295
3634 283
3635 297
3636 294
3637 253
3638 287
3639 274
3640 264
3641 263
3642 252
3643 251
3644 273
3645 287
3646 264
3647 255
3648 251
3649 243
3650 245
3651 304
3652 286
3653 237
3654 278
3655 258
3656 229
3657 273
3658 290
3659 297
3660 278
3661 267
3662 262
3663 265
3664 256
3665 302
3666 263
3667 254
3668 286
3669 234
3670 232
3671 287
3672 276
3673 239
3674 253
3675 262
3676 249
3677 246
3678 264
3679 258
3680 249
3681 289
3682 263
3683 224
3684 259
3685 260
3686 277
3687 267
3688 248
3689 287
3690 251
3691 256
3692 272
3693 264
3694 299
3695 257
3696 256
3697 264
3698 249
3699 258
3700 246
3701 240
3702 249
3703 237
3704 271
3705 221
3706 230
3707 265
3708 245
3709 274
3710 273
3711 275
3712 240
3713 249
3714 246
3715 276
3716 291
3717 265
3718 256
3719 272
3720 238
3721 265
3722 271
3723 234
3724 263
3725 272
3726 230
3727 254
3728 257
3729 263
3730 296
3731 257
3732 254
3733 233
3734 263
3735 268
3736 259
3737 248
3738 230
3739 258
3740 229
3741 259
3742 226
3743 222
3744 243
3745 247
3746 219
3747 256
3748 260
3749 244
3750 247
3751 228
3752 250
3753 234
3754 271
3755 246
3756 250
3757 278
3758 247
3759 261
3760 287
3761 260
3762 247
3763 245
3764 222
3765 222
3766 249
3767 270
3768 226
3769 223
3770 249
3771 260
3772 264
3773 258
3774 275
3775 271
3776 252
3777 242
3778 233
3779 281
3780 265
3781 253
3782 245
3783 259
3784 258
3785 241
3786 231
3787 282
3788 236
3789 267
3790 217
3791 231
3792 231
3793 262
3794 255
3795 238
3796 270
3797 259
3798 272
3799 242
3800 230
3801 239
3802 238
3803 245
3804 237
3805 258
3806 234
3807 279
3808 229
3809 252
3810 235
3811 265
3812 244
3813 227
3814 215
3815 228
3816 261
3817 234
3818 261
3819 225
3820 228
3821 244
3822 231
3823 243
3824 233
3825 243
3826 226
3827 247
3828 211
3829 248
3830 252
3831 228
3832 216
3833 267
3834 245
3835 236
3836 216
3837 234
3838 240
3839 222
3840 240
3841 234
3842 248
3843 260
3844 249
3845 233
3846 256
3847 221
3848 217
3849 239
3850 243
3851 236
3852 245
3853 242
3854 258
3855 231
3856 235
3857 230
3858 213
3859 233
3860 257
3861 224
3862 243
3863 208
3864 229
3865 234
3866 254
3867 224
3868 254
3869 224
3870 247
3871 251
3872 264
3873 245
3874 235
3875 279
3876 231
3877 232
3878 238
3879 219
3880 234
3881 267
3882 225
3883 227
3884 221
3885 237
3886 216
3887 226
3888 237
3889 234
3890 229
3891 223
3892 240
3893 264
3894 219
3895 228
3896 239
3897 242
3898 227
3899 220
3900 231
3901 230
3902 240
3903 213
3904 204
3905 242
3906 221
3907 240
3908 225
3909 200
3910 219
3911 236
3912 238
3913 212
3914 204
3915 224
3916 226
3917 232
3918 227
3919 230
3920 223
3921 238
3922 213
3923 258
3924 267
3925 235
3926 239
3927 255
3928 221
3929 211
3930 230
3931 211
3932 226
3933 220
3934 227
3935 249
3936 246
3937 241
3938 211
3939 226
3940 227
3941 204
3942 227
3943 221
3944 231
3945 222
3946 235
3947 229
3948 195
3949 232
3950 197
3951 239
3952 230
3953 228
3954 228
3955 223
3956 216
3957 217
3958 228
3959 217
3960 220
3961 238
3962 235
3963 214
3964 251
3965 199
3966 219
3967 221
3968 233
3969 223
3970 220
3971 215
3972 217
3973 212
3974 217
3975 214
3976 229
3977 217
3978 188
3979 226
3980 235
3981 209
3982 227
3983 240
3984 224
3985 209
3986 218
3987 200
3988 224
3989 211
3990 198
3991 207
3992 226
3993 228
3994 214
3995 225
3996 238
3997 203
3998 238
3999 222
4000 227
4001 222
4002 232
4003 242
4004 206
4005 221
4006 234
4007 220
4008 210
4009 235
4010 217
4011 201
4012 212
4013 194
4014 231
4015 214
4016 194
4017 252
4018 197
4019 222
4020 212
4021 239
4022 248
4023 230
4024 229
4025 244
4026 235
4027 207
4028 226
4029 228
4030 234
4031 195
4032 200
4033 209
4034 224
4035 248
4036 223
4037 222
4038 188
4039 207
4040 221
4041 201
4042 226
4043 249
4044 231
4045 240
4046 216
4047 241
4048 212
4049 198
4050 187
4051 221
4052 231
4053 223
4054 207
4055 212
4056 213
4057 219
4058 206
4059 214
4060 192
4061 194
4062 192
4063 242
4064 191
4065 206
4066 188
4067 205
4068 216
4069 241
4070 213
4071 194
4072 192
4073 204
4074 235
4075 212
4076 208
4077 209
4078 168
4079 188
4080 207
4081 214
4082 222
4083 177
4084 215
4085 223
4086 191
4087 229
4088 197
4089 213
4090 186
4091 218
4092 185
4093 223
4094 190
4095 210
4096 206
4097 206
4098 194
4099 196
4100 221
4101 201
4102 236
4103 195
4104 222
4105 207
4106 204
4107 227
4108 203
4109 192
4110 206
4111 178
4112 184
4113 199
4114 195
4115 204
4116 201
4117 207
4118 197
4119 215
4120 198
4121 207
4122 198
4123 209
4124 214
4125 212
4126 216
4127 205
4128 204
4129 205
4130 211
4131 177
4132 197
4133 191
4134 210
4135 220
4136 197
4137 206
4138 195
4139 207
4140 199
4141 206
4142 197
4143 203
4144 188
4145 189
4146 215
4147 227
4148 196
4149 184
4150 181
4151 194
4152 194
4153 215
4154 197
4155 216
4156 215
4157 198
4158 202
4159 197
4160 196
4161 200
4162 216
4163 197
4164 194
4165 198
4166 201
4167 195
4168 216
4169 192
4170 181
4171 192
4172 175
4173 221
4174 194
4175 179
4176 191
4177 180
4178 169
4179 207
4180 234
4181 197
4182 208
4183 232
4184 202
4185 201
4186 196
4187 202
4188 217
4189 200
4190 180
4191 197
4192 187
4193 203
4194 193
4195 226
4196 175
4197 209
4198 188
4199 202
4200 201
4201 184
4202 202
4203 184
4204 193
4205 221
4206 226
4207 193
4208 202
4209 207
4210 179
4211 182
4212 199
4213 190
4214 196
4215 199
4216 206
4217 186
4218 199
4219 221
4220 217
4221 189
4222 188
4223 194
4224 219
4225 196
4226 194
4227 187
4228 211
4229 166
4230 195
4231 175
4232 194
4233 180
4234 221
4235 189
4236 211
4237 165
4238 185
4239 184
4240 181
4241 193
4242 205
4243 210
4244 186
4245 188
4246 187
4247 202
4248 172
4249 182
4250 200
4251 207
4252 196
4253 202
4254 182
4255 209
4256 206
4257 206
4258 186
4259 179
4260 184
4261 192
4262 199
4263 190
4264 201
4265 187
4266 199
4267 190
4268 210
4269 190
4270 177
4271 177
4272 205
4273 198
4274 195
4275 184
4276 193
4277 192
4278 184
4279 197
4280 206
4281 157
4282 195
4283 211
4284 181
4285 212
4286 197
4287 219
4288 185
4289 174
4290 190
4291 175
4292 187
4293 205
4294 190
4295 222
4296 178
4297 197
4298 198
4299 167
4300 164
4301 201
4302 194
4303 184
4304 205
4305 174
4306 183
4307 181
4308 184
4309 178
4310 185
4311 170
4312 202
4313 195
4314 202
4315 170
4316 175
4317 168
4318 156
4319 187
4320 192
4321 198
4322 189
4323 189
4324 182
4325 193
4326 169
4327 205
4328 189
4329 201
4330 187
4331 177
4332 198
4333 197
4334 185
4335 190
4336 186
4337 160
4338 165
4339 201
4340 183
4341 174
4342 193
4343 177
4344 194
4345 202
4346 190
4347 193
4348 174
4349 207
4350 172
4351 181
4352 192
4353 187
4354 186
4355 158
4356 182
4357 181
4358 172
4359 173
4360 189
4361 166
4362 183
4363 180
4364 157
4365 181
4366 185
4367 192
4368 178
4369 185
4370 178
4371 180
4372 188
4373 193
4374 167
4375 162
4376 183
4377 177
4378 172
4379 187
4380 171
4381 159
4382 178
4383 172
4384 181
4385 178
4386 173
4387 171
4388 168
4389 196
4390 188
4391 214
4392 193
4393 205
4394 179
4395 175
4396 171
4397 167
4398 193
4399 194
4400 171
4401 181
4402 165
4403 174
4404 191
4405 171
4406 164
4407 191
4408 178
4409 184
4410 162
4411 192
4412 187
4413 174
4414 184
4415 200
4416 156
4417 175
4418 162
4419 175
4420 176
4421 183
4422 169
4423 181
4424 172
4425 175
4426 174
4427 180
4428 196
4429 175
4430 158
4431 186
4432 157
4433 175
4434 158
4435 152
4436 173
4437 162
4438 179
4439 178
4440 164
4441 165
4442 156
4443 185
4444 168
4445 175
4446 191
4447 169
4448 161
4449 168
4450 167
4451 195
4452 165
4453 165
4454 202
4455 177
4456 173
4457 158
4458 186
4459 175
4460 159
4461 186
4462 175
4463 157
4464 183
4465 167
4466 176
4467 183
4468 178
4469 153
4470 190
4471 172
4472 161
4473 158
4474 176
4475 165
4476 207
4477 176
4478 170
4479 181
4480 150
4481 166
4482 178
4483 169
4484 136
4485 197
4486 178
4487 171
4488 185
4489 182
4490 163
4491 144
4492 192
4493 153
4494 151
4495 166
4496 183
4497 158
4498 186
4499 164
4500 188
4501 157
4502 147
4503 178
4504 164
4505 161
4506 186
4507 156
4508 169
4509 174
4510 202
4511 167
4512 177
4513 165
4514 170
4515 163
4516 153
4517 157
4518 172
4519 179
4520 174
4521 167
4522 167
4523 158
4524 173
4525 178
4526 162
4527 150
4528 161
4529 145
4530 165
4531 160
4532 172
4533 168
4534 164
4535 177
4536 175
4537 153
4538 129
4539 190
4540 165
4541 179
4542 176
4543 157
4544 153
4545 174
4546 156
4547 170
4548 160
4549 173
4550 169
4551 155
4552 177
4553 161
4554 185
4555 161
4556 177
4557 165
4558 166
4559 179
4560 141
4561 169
4562 158
4563 166
4564 161
4565 161
4566 174
4567 165
4568 173
4569 174
4570 155
4571 175
4572 136
4573 154
4574 159
4575 166
4576 149
4577 183
4578 138
4579 146
4580 139
4581 159
4582 164
4583 146
4584 158
4585 159
4586 161
4587 180
4588 169
4589 179
4590 139
4591 150
4592 166
4593 181
4594 166
4595 157
4596 172
4597 170
4598 170
4599 169
4600 159
4601 185
4602 174
4603 154
4604 177
4605 145
4606 163
4607 189
4608 149
4609 171
4610 183
4611 180
4612 182
4613 144
4614 159
4615 142
4616 160
4617 168
4618 158
4619 155
4620 164
4621 164
4622 177
4623 158
4624 176
4625 155
4626 179
4627 155
4628 170
4629 162
4630 166
4631 174
4632 171
4633 154
4634 157
4635 161
4636 170
4637 148
4638 160
4639 164
4640 155
4641 162
4642 142
4643 188
4644 161
4645 143
4646 166
4647 169
4648 122
4649 161
4650 147
4651 176
4652 174
4653 151
4654 150
4655 168
4656 144
4657 158
4658 177
4659 149
4660 154
4661 171
4662 161
4663 152
4664 138
4665 149
4666 162
4667 164
4668 162
4669 138
4670 162
4671 159
4672 174
4673 150
4674 162
4675 180
4676 154
4677 151
4678 170
4679 159
4680 162
4681 162
4682 155
4683 165
4684 170
4685 162
4686 143
4687 167
4688 168
4689 153
4690 163
4691 162
4692 158
4693 152
4694 142
4695 146
4696 166
4697 184
4698 145
4699 150
4700 158
4701 178
4702 157
4703 120
4704 157
4705 136
4706 132
4707 140
4708 153
4709 138
4710 155
4711 149
4712 175
4713 185
4714 128
4715 155
4716 137
4717 120
4718 152
4719 143
4720 147
4721 146
4722 152
4723 179
4724 156
4725 158
4726 168
4727 160
4728 173
4729 148
4730 142
4731 115
4732 150
4733 164
4734 157
4735 152
4736 145
4737 174
4738 156
4739 158
4740 128
4741 167
4742 142
4743 142
4744 145
4745 148
4746 152
4747 171
4748 162
4749 142
4750 166
4751 153
4752 154
4753 145
4754 162
4755 150
4756 154
4757 158
4758 150
4759 163
4760 136
4761 159
4762 158
4763 147
4764 162
4765 138
4766 155
4767 164
4768 142
4769 163
4770 131
4771 163
4772 144
4773 146
4774 145
4775 123
4776 151
4777 145
4778 153
4779 157
4780 163
4781 153
4782 154
4783 167
4784 140
4785 161
4786 153
4787 167
4788 146
4789 165
4790 173
4791 161
4792 164
4793 146
4794 130
4795 154
4796 165
4797 141
4798 145
4799 165
4800 157
4801 164
4802 159
4803 173
4804 164
4805 182
4806 136
4807 137
4808 148
4809 160
4810 146
4811 145
4812 155
4813 136
4814 151
4815 120
4816 135
4817 157
4818 159
4819 128
4820 145
4821 159
4822 155
4823 152
4824 134
4825 147
4826 147
4827 126
4828 170
4829 149
4830 147
4831 151
4832 147
4833 150
4834 163
4835 167
4836 144
4837 135
4838 139
4839 120
4840 163
4841 157
4842 138
4843 141
4844 148
4845 161
4846 137
4847 158
4848 147
4849 140
4850 147
4851 136
4852 151
4853 144
4854 130
4855 147
4856 149
4857 135
4858 148
4859 135
4860 150
4861 152
4862 144
4863 159
4864 146
4865 141
4866 147
4867 155
4868 159
4869 128
4870 153
4871 162
4872 129
4873 152
4874 154
4875 142
4876 160
4877 126
4878 135
4879 163
4880 147
4881 137
4882 128
4883 145
4884 142
4885 137
4886 134
4887 135
4888 154
4889 146
4890 132
4891 148
4892 137
4893 147
4894 158
4895 152
4896 156
4897 126
4898 151
4899 157
4900 124
4901 136
4902 138
4903 168
4904 163
4905 132
4906 132
4907 159
4908 144
4909 140
4910 123
4911 147
4912 146
4913 151
4914 149
4915 147
4916 159
4917 155
4918 124
4919 139
4920 152
4921 123
4922 139
4923 151
4924 144
4925 144
4926 145
4927 138
4928 121
4929 135
4930 139
4931 123
4932 138
4933 135
4934 122
4935 160
4936 138
4937 151
4938 147
4939 118
4940 126
4941 145
4942 136
4943 136
4944 154
4945 113
4946 129
4947 141
4948 141
4949 121
4950 134
4951 155
4952 128
4953 145
4954 137
4955 121
4956 132
4957 142
4958 120
4959 149
4960 128
4961 147
4962 126
4963 150
4964 167
4965 132
4966 148
4967 151
4968 132
4969 145
4970 120
4971 172
4972 132
4973 143
4974 152
4975 156
4976 168
4977 145
4978 119
4979 143
4980 134
4981 145
4982 130
4983 156
4984 142
4985 134
4986 145
4987 132
4988 159
4989 134
4990 150
4991 141
4992 141
4993 119
4994 126
4995 130
4996 136
4997 151
4998 133
4999 114
5000 154
5001 126
5002 156
5003 148
5004 144
5005 135
5006 141
5007 147
5008 136
5009 126
5010 122
5011 153
5012 143
5013 132
5014 138
5015 134
5016 153
5017 146
5018 131
5019 142
5020 136
5021 141
5022 130
5023 134
5024 132
5025 130
5026 131
5027 129
5028 141
5029 132
5030 139
5031 137
5032 113
5033 136
5034 123
5035 131
5036 134
5037 131
5038 125
5039 148
5040 127
5041 120
5042 133
5043 143
5044 112
5045 125
5046 136
5047 121
5048 134
5049 147
5050 145
5051 135
5052 137
5053 118
5054 130
5055 136
5056 128
5057 135
5058 131
5059 144
5060 140
5061 143
5062 144
5063 135
5064 125
5065 126
5066 121
5067 136
5068 137
5069 137
5070 140
5071 116
5072 144
5073 140
5074 114
5075 127
5076 142
5077 141
5078 133
5079 141
5080 130
5081 146
5082 145
5083 134
5084 127
5085 145
5086 142
5087 132
5088 132
5089 137
5090 148
5091 124
5092 137
5093 123
5094 137
5095 124
5096 144
5097 138
5098 136
5099 128
5100 142
5101 148
5102 144
5103 130
5104 139
5105 100
5106 144
5107 127
5108 125
5109 123
5110 124
5111 125
5112 139
5113 124
5114 143
5115 130
5116 123
5117 139
5118 133
5119 132
5120 134
5121 132
5122 121
5123 143
5124 134
5125 131
5126 132
5127 119
5128 113
5129 113
5130 131
5131 126
5132 134
5133 128
5134 123
5135 127
5136 128
5137 132
5138 137
5139 123
5140 127
5141 124
5142 131
5143 112
5144 133
5145 114
5146 112
5147 130
5148 135
5149 142
5150 123
5151 129
5152 130
5153 147
5154 115
5155 127
5156 137
5157 144
5158 141
5159 113
5160 118
5161 138
5162 134
5163 121
5164 138
5165 129
5166 128
5167 120
5168 119
5169 136
5170 133
5171 104
5172 130
5173 126
5174 119
5175 150
5176 145
5177 119
5178 128
5179 120
5180 128
5181 150
5182 115
5183 127
5184 126
5185 127
5186 127
5187 140
5188 132
5189 138
5190 116
5191 140
5192 117
5193 129
5194 131
5195 124
5196 134
5197 127
5198 137
5199 108
5200 116
5201 109
5202 113
5203 101
5204 136
5205 130
5206 122
5207 129
5208 108
5209 140
5210 134
5211 115
5212 117
5213 145
5214 95
5215 116
5216 128
5217 139
5218 135
5219 129
5220 151
5221 127
5222 129
5223 109
5224 121
5225 125
5226 98
5227 147
5228 121
5229 119
5230 133
5231 138
5232 133
5233 118
5234 133
5235 141
5236 111
5237 106
5238 118
5239 114
5240 103
5241 119
5242 125
5243 122
5244 135
5245 123
5246 124
5247 134
5248 141
5249 121
5250 126
5251 110
5252 95
5253 121
5254 138
5255 131
5256 127
5257 138
5258 142
5259 136
5260 124
5261 106
5262 139
5263 128
5264 122
5265 132
5266 116
5267 113
5268 124
5269 128
5270 111
5271 113
5272 143
5273 112
5274 133
5275 118
5276 113
5277 117
5278 102
5279 129
5280 125
5281 123
5282 138
5283 129
5284 124
5285 109
5286 120
5287 106
5288 123
5289 120
5290 124
5291 130
5292 121
5293 118
5294 109
5295 122
5296 103
5297 143
5298 121
5299 137
5300 123
5301 124
5302 113
5303 120
5304 126
5305 121
5306 116
5307 124
5308 128
5309 128
5310 130
5311 100
5312 114
5313 122
5314 130
5315 104
5316 115
5317 127
5318 102
5319 109
5320 101
5321 112
5322 123
5323 109
5324 114
5325 112
5326 129
5327 111
5328 114
5329 103
5330 131
5331 131
5332 116
5333 130
5334 109
5335 136
5336 112
5337 113
5338 122
5339 112
5340 114
5341 131
5342 142
5343 134
5344 119
5345 114
5346 110
5347 120
5348 107
5349 113
5350 119
5351 139
5352 131
5353 102
5354 107
5355 108
5356 105
5357 109
5358 105
5359 134
5360 126
5361 121
5362 109
5363 124
5364 127
5365 99
5366 130
5367 131
5368 114
5369 119
5370 119
5371 109
5372 112
5373 127
5374 122
5375 104
5376 141
5377 112
5378 107
5379 101
5380 131
5381 111
5382 115
5383 123
5384 126
5385 130
5386 112
5387 127
5388 120
5389 107
5390 115
5391 112
5392 108
5393 119
5394 109
5395 124
5396 86
5397 118
5398 118
5399 113
5400 121
5401 113
5402 125
5403 109
5404 128
5405 102
5406 113
5407 112
5408 127
5409 122
5410 107
5411 108
5412 115
5413 100
5414 119
5415 125
5416 87
5417 97
5418 120
5419 106
5420 119
5421 106
5422 129
5423 116
5424 120
5425 127
5426 119
5427 112
5428 118
5429 128
5430 117
5431 99
5432 119
5433 123
5434 123
5435 106
5436 113
5437 122
5438 105
5439 109
5440 135
5441 120
5442 115
5443 110
5444 111
5445 125
5446 125
5447 115
5448 105
5449 98
5450 128
5451 131
5452 109
5453 115
5454 112
5455 107
5456 123
5457 115
5458 101
5459 117
5460 100
5461 110
5462 104
5463 113
5464 112
5465 126
5466 113
5467 114
5468 94
5469 103
5470 99
5471 91
5472 105
5473 121
5474 118
5475 106
5476 116
5477 96
5478 99
5479 115
5480 147
5481 111
5482 116
5483 112
5484 88
5485 112
5486 118
5487 107
5488 92
5489 101
5490 109
5491 103
5492 107
5493 122
5494 105
5495 116
5496 115
5497 110
5498 113
5499 124
5500 113
5501 110
5502 121
5503 117
5504 106
5505 102
5506 84
5507 102
5508 108
5509 118
5510 94
5511 127
5512 121
5513 110
5514 116
5515 107
5516 96
5517 106
5518 121
5519 112
5520 96
5521 95
5522 112
5523 114
5524 92
5525 109
5526 121
5527 99
5528 107
5529 110
5530 108
5531 112
5532 118
5533 114
5534 107
5535 115
5536 122
5537 124
5538 92
5539 121
5540 113
5541 116
5542 112
5543 117
5544 114
5545 103
5546 124
5547 114
5548 107
5549 136
5550 100
5551 142
5552 118
5553 111
5554 113
5555 99
5556 118
5557 105
5558 116
5559 100
5560 107
5561 111
5562 109
5563 105
5564 116
5565 108
5566 115
5567 111
5568 116
5569 105
5570 106
5571 112
5572 104
5573 103
5574 116
5575 103
5576 129
5577 115
5578 130
5579 97
5580 104
5581 110
5582 105
5583 92
5584 133
5585 132
5586 101
5587 101
5588 108
5589 118
5590 111
5591 101
5592 111
5593 112
5594 127
5595 109
5596 99
5597 114
5598 114
5599 102
5600 126
5601 113
5602 126
5603 101
5604 106
5605 100
5606 101
5607 96
5608 107
5609 108
5610 94
5611 100
5612 100
5613 96
5614 100
5615 101
5616 109
5617 98
5618 122
5619 118
5620 103
5621 129
5622 105
5623 103
5624 116
5625 122
5626 115
5627 104
5628 106
5629 115
5630 99
5631 100
5632 98
5633 111
5634 93
5635 100
5636 100
5637 110
5638 98
5639 105
5640 84
5641 104
5642 99
5643 113
5644 105
5645 98
5646 90
5647 89
5648 122
5649 101
5650 100
5651 119
5652 114
5653 92
5654 97
5655 98
5656 113
5657 128
5658 116
5659 97
5660 104
5661 111
5662 97
5663 122
5664 97
5665 100
5666 108
5667 117
5668 113
5669 99
5670 102
5671 106
5672 79
5673 115
5674 107
5675 125
5676 108
5677 104
5678 86
5679 109
5680 117
5681 104
5682 110
5683 102
5684 96
5685 109
5686 108
5687 89
5688 103
5689 106
5690 105
5691 96
5692 96
5693 96
5694 94
5695 84
5696 83
5697 99
5698 118
5699 110
5700 94
5701 101
5702 111
5703 106
5704 114
5705 118
5706 104
5707 107
5708 99
5709 110
5710 108
5711 109
5712 104
5713 88
5714 114
5715 107
5716 125
5717 118
5718 115
5719 109
5720 103
5721 83
5722 99
5723 107
5724 99
5725 113
5726 123
5727 114
5728 88
5729 100
5730 102
5731 78
5732 101
5733 88
5734 92
5735 111
5736 104
5737 113
5738 100
5739 103
5740 87
5741 99
5742 114
5743 97
5744 102
5745 97
5746 100
5747 100
5748 112
5749 108
5750 110
5751 111
5752 94
5753 107
5754 98
5755 93
5756 100
5757 117
5758 89
5759 96
5760 111
5761 105
5762 98
5763 81
5764 102
5765 99
5766 118
5767 99
5768 109
5769 103
5770 102
5771 100
5772 104
5773 105
5774 102
5775 90
5776 92
5777 102
5778 83
5779 111
5780 95
5781 118
5782 108
5783 108
5784 104
5785 85
5786 85
5787 94
5788 118
5789 104
5790 104
5791 87
5792 98
5793 102
5794 103
5795 105
5796 100
5797 105
5798 114
5799 85
5800 80
5801 106
5802 99
5803 109
5804 88
5805 101
5806 99
5807 114
5808 105
5809 105
5810 95
5811 114
5812 118
5813 114
5814 95
5815 92
5816 101
5817 107
5818 109
5819 101
5820 98
5821 97
5822 99
5823 111
5824 95
5825 112
5826 103
5827 118
5828 99
5829 74
5830 115
5831 98
5832 97
5833 86
5834 92
5835 100
5836 92
5837 100
5838 96
5839 100
5840 109
5841 100
5842 91
5843 102
5844 97
5845 100
5846 91
5847 97
5848 85
5849 105
5850 96
5851 103
5852 104
5853 79
5854 94
5855 123
5856 89
5857 97
5858 101
5859 112
5860 81
5861 88
5862 83
5863 100
5864 86
5865 105
5866 99
5867 104
5868 91
5869 111
5870 84
5871 89
5872 100
5873 102
5874 105
5875 99
5876 119
5877 122
5878 83
5879 86
5880 112
5881 92
5882 85
5883 96
5884 96
5885 91
5886 83
5887 102
5888 103
5889 93
5890 105
5891 97
5892 99
5893 94
5894 96
5895 96
5896 91
5897 93
5898 97
5899 86
5900 117
5901 95
5902 95
5903 100
5904 95
5905 90
5906 96
5907 103
5908 82
5909 102
5910 99
5911 86
5912 86
5913 96
5914 97
5915 87
5916 89
5917 82
5918 93
5919 95
5920 83
5921 95
5922 103
5923 93
5924 97
5925 97
5926 91
5927 89
5928 90
5929 81
5930 98
5931 86
5932 81
5933 116
5934 99
5935 96
5936 109
5937 89
5938 101
5939 99
5940 95
5941 91
5942 88
5943 101
5944 87
5945 89
5946 112
5947 109
5948 88
5949 84
5950 94
5951 100
5952 103
5953 85
5954 105
5955 90
5956 115
5957 85
5958 100
5959 99
5960 92
5961 86
5962 87
5963 77
5964 98
5965 89
5966 106
5967 93
5968 97
5969 106
5970 104
5971 105
5972 94
5973 85
5974 84
5975 87
5976 115
5977 81
5978 90
5979 101
5980 82
5981 82
5982 78
5983 94
5984 99
5985 98
5986 84
5987 110
5988 85
5989 94
5990 101
5991 107
5992 90
5993 80
5994 93
5995 83
5996 121
5997 90
5998 101
5999 82
6000 69
6001 80
6002 86
6003 86
6004 109
6005 84
6006 89
6007 110
6008 85
6009 98
6010 94
6011 104
6012 105
6013 98
6014 92
6015 81
6016 84
6017 76
6018 77
6019 94
6020 86
6021 97
6022 83
6023 83
6024 96
6025 82
6026 81
6027 89
6028 105
6029 74
6030 98
6031 88
6032 81
6033 85
6034 89
6035 83
6036 87
6037 79
6038 98
6039 95
6040 96
6041 79
6042 97
6043 95
6044 87
6045 85
6046 101
6047 87
6048 87
6049 90
6050 83
6051 90
6052 122
6053 107
6054 88
6055 83
6056 81
6057 84
6058 97
6059 79
6060 84
6061 81
6062 108
6063 88
6064 87
6065 76
6066 78
6067 86
6068 92
6069 94
6070 88
6071 95
6072 75
6073 88
6074 91
6075 73
6076 93
6077 121
6078 106
6079 102
6080 91
6081 90
6082 98
6083 87
6084 90
6085 95
6086 88
6087 86
6088 83
6089 93
6090 76
6091 75
6092 86
6093 94
6094 78
6095 79
6096 89
6097 81
6098 80
6099 92
6100 104
6101 86
6102 103
6103 92
6104 86
6105 82
6106 93
6107 91
6108 95
6109 72
6110 77
6111 84
6112 75
6113 94
6114 89
6115 90
6116 95
6117 97
6118 84
6119 86
6120 78
6121 86
6122 99
6123 84
6124 74
6125 87
6126 91
6127 89
6128 92
6129 77
6130 77
6131 78
6132 67
6133 103
6134 81
6135 87
6136 94
6137 99
6138 85
6139 95
6140 87
6141 94
6142 95
6143 92
6144 78
6145 76
6146 78
6147 97
6148 95
6149 100
6150 74
6151 63
6152 86
6153 91
6154 78
6155 106
6156 88
6157 87
6158 84
6159 101
6160 91
6161 85
6162 75
6163 87
6164 84
6165 91
6166 91
6167 83
6168 86
6169 97
6170 91
6171 103
6172 76
6173 90
6174 91
6175 82
6176 87
6177 91
6178 101
6179 85
6180 99
6181 87
6182 88
6183 86
6184 78
6185 79
6186 81
6187 104
6188 89
6189 98
6190 106
6191 72
6192 80
6193 72
6194 80
6195 69
6196 81
6197 92
6198 86
6199 85
6200 86
6201 73
6202 82
6203 108
6204 84
6205 93
6206 69
6207 87
6208 72
6209 88
6210 85
6211 79
6212 72
6213 66
6214 96
6215 80
6216 94
6217 81
6218 78
6219 97
6220 91
6221 80
6222 82
6223 83
6224 88
6225 88
6226 84
6227 83
6228 92
6229 72
6230 81
6231 84
6232 83
6233 95
6234 80
6235 77
6236 78
6237 81
6238 94
6239 93
6240 87
6241 83
6242 88
6243 66
6244 87
6245 78
6246 82
6247 83
6248 82
6249 88
6250 75
6251 87
6252 81
6253 78
6254 90
6255 88
6256 71
6257 82
6258 92
6259 93
6260 71
6261 96
6262 95
6263 75
6264 82
6265 62
6266 90
6267 80
6268 89
6269 96
6270 79
6271 88
6272 91
6273 82
6274 76
6275 69
6276 93
6277 82
6278 76
6279 71
6280 85
6281 73
6282 86
6283 109
6284 82
6285 83
6286 86
6287 98
6288 89
6289 64
6290 85
6291 88
6292 76
6293 91
6294 93
6295 82
6296 80
6297 81
6298 75
6299 83
6300 89
6301 79
6302 77
6303 75
6304 92
6305 78
6306 87
6307 81
6308 77
6309 95
6310 90
6311 84
6312 83
6313 82
6314 77
6315 77
6316 83
6317 77
6318 85
6319 87
6320 76
6321 86
6322 84
6323 75
6324 77
6325 85
6326 74
6327 87
6328 75
6329 77
6330 60
6331 83
6332 100
6333 89
6334 85
6335 62
6336 80
6337 100
6338 84
6339 94
6340 80
6341 87
6342 75
6343 94
6344 101
6345 81
6346 91
6347 76
6348 69
6349 100
6350 82
6351 67
6352 81
6353 88
6354 86
6355 96
6356 76
6357 74
6358 84
6359 95
6360 83
6361 87
6362 87
6363 75
6364 84
6365 81
6366 81
6367 79
6368 86
6369 71
6370 101
6371 89
6372 96
6373 81
6374 84
6375 69
6376 75
6377 92
6378 72
6379 88
6380 88
6381 77
6382 74
6383 68
6384 88
6385 94
6386 69
6387 98
6388 76
6389 112
6390 85
6391 84
6392 78
6393 79
6394 75
6395 83
6396 77
6397 80
6398 74
6399 82
6400 87
6401 78
6402 90
6403 63
6404 76
6405 91
6406 87
6407 78
6408 90
6409 78
6410 62
6411 72
6412 85
6413 93
6414 77
6415 65
6416 72
6417 82
6418 90
6419 87
6420 73
6421 83
6422 76
6423 84
6424 97
6425 79
6426 86
6427 68
6428 82
6429 69
6430 72
6431 80
6432 83
6433 87
6434 82
6435 94
6436 90
6437 83
6438 79
6439 72
6440 96
6441 72
6442 81
6443 70
6444 86
6445 77
6446 79
6447 85
6448 81
6449 99
6450 83
6451 87
6452 83
6453 87
6454 92
6455 79
6456 68
6457 85
6458 74
6459 76
6460 71
6461 60
6462 77
6463 80
6464 79
6465 81
6466 86
6467 96
6468 75
6469 96
6470 86
6471 69
6472 69
6473 60
6474 81
6475 82
6476 94
6477 81
6478 67
6479 73
6480 62
6481 98
6482 80
6483 94
6484 81
6485 65
6486 92
6487 73
6488 82
6489 87
6490 63
6491 71
6492 72
6493 84
6494 77
6495 88
6496 75
6497 86
6498 66
6499 85
6500 75
6501 97
6502 73
6503 89
6504 64
6505 87
6506 82
6507 99
6508 76
6509 80
6510 72
6511 77
6512 77
6513 66
6514 61
6515 89
6516 71
6517 84
6518 83
6519 74
6520 73
6521 68
6522 86
6523 72
6524 72
6525 69
6526 80
6527 66
6528 77
6529 86
6530 87
6531 71
6532 78
6533 69
6534 80
6535 73
6536 87
6537 70
6538 84
6539 82
6540 94
6541 79
6542 80
6543 79
6544 73
6545 78
6546 73
6547 71
6548 78
6549 81
6550 74
6551 83
6552 64
6553 78
6554 98
6555 87
6556 71
6557 77
6558 89
6559 85
6560 79
6561 90
6562 69
6563 84
6564 80
6565 83
6566 80
6567 77
6568 75
6569 65
6570 72
6571 74
6572 66
6573 59
6574 65
6575 75
6576 92
6577 95
6578 77
6579 88
6580 96
6581 70
6582 70
6583 75
6584 80
6585 67
6586 72
6587 76
6588 68
6589 85
6590 71
6591 69
6592 76
6593 77
6594 76
6595 78
6596 84
6597 70
6598 86
6599 73
6600 76
6601 63
6602 82
6603 91
6604 82
6605 87
6606 76
6607 77
6608 84
6609 82
6610 91
6611 94
6612 92
6613 78
6614 73
6615 92
6616 80
6617 70
6618 76
6619 75
6620 88
6621 67
6622 90
6623 81
6624 84
6625 72
6626 67
6627 84
6628 83
6629 77
6630 66
6631 88
6632 74
6633 85
6634 68
6635 71
6636 90
6637 77
6638 86
6639 80
6640 72
6641 79
6642 80
6643 81
6644 73
6645 72
6646 73
6647 82
6648 66
6649 87
6650 88
6651 83
6652 91
6653 68
6654 65
6655 79
6656 88
6657 80
6658 69
6659 70
6660 82
6661 84
6662 62
6663 69
6664 68
6665 62
6666 85
6667 72
6668 86
6669 83
6670 89
6671 85
6672 82
6673 80
6674 68
6675 70
6676 74
6677 69
6678 85
6679 67
6680 76
6681 57
6682 74
6683 66
6684 71
6685 80
6686 84
6687 79
6688 71
6689 72
6690 81
6691 79
6692 72
6693 74
6694 70
6695 79
6696 71
6697 76
6698 67
6699 72
6700 89
6701 78
6702 82
6703 72
6704 92
6705 71
6706 76
6707 65
6708 63
6709 83
6710 76
6711 62
6712 73
6713 78
6714 78
6715 77
6716 82
6717 76
6718 73
6719 88
6720 76
6721 75
6722 74
6723 76
6724 70
6725 59
6726 73
6727 67
6728 78
6729 74
6730 74
6731 75
6732 74
6733 87
6734 87
6735 88
6736 72
6737 83
6738 73
6739 57
6740 73
6741 91
6742 79
6743 64
6744 77
6745 107
6746 60
6747 69
6748 84
6749 81
6750 72
6751 50
6752 67
6753 53
6754 62
6755 75
6756 85
6757 74
6758 69
6759 78
6760 63
6761 69
6762 71
6763 83
6764 78
6765 77
6766 76
6767 74
6768 62
6769 69
6770 67
6771 66
6772 75
6773 71
6774 81
6775 67
6776 67
6777 72
6778 71
6779 66
6780 82
6781 78
6782 77
6783 81
6784 69
6785 68
6786 71
6787 83
6788 74
6789 69
6790 69
6791 68
6792 73
6793 70
6794 84
6795 73
6796 79
6797 78
6798 78
6799 77
6800 68
6801 72
6802 73
6803 73
6804 77
6805 73
6806 74
6807 72
6808 67
6809 72
6810 77
6811 74
6812 54
6813 84
6814 72
6815 67
6816 94
6817 59
6818 64
6819 71
6820 74
6821 81
6822 68
6823 77
6824 72
6825 86
6826 74
6827 93
6828 75
6829 66
6830 76
6831 66
6832 81
6833 79
6834 77
6835 69
6836 73
6837 79
6838 65
6839 77
6840 57
6841 75
6842 71
6843 84
6844 81
6845 62
6846 72
6847 71
6848 72
6849 65
6850 63
6851 58
6852 69
6853 72
6854 80
6855 66
6856 77
6857 75
6858 82
6859 61
6860 63
6861 79
6862 74
6863 62
6864 74
6865 68
6866 65
6867 66
6868 53
6869 79
6870 68
6871 75
6872 64
6873 66
6874 76
6875 64
6876 54
6877 79
6878 61
6879 76
6880 66
6881 66
6882 66
6883 66
6884 72
6885 72
6886 70
6887 61
6888 86
6889 71
6890 59
6891 56
6892 80
6893 66
6894 84
6895 76
6896 80
6897 59
6898 75
6899 63
6900 55
6901 72
6902 59
6903 77
6904 67
6905 67
6906 83
6907 70
6908 59
6909 61
6910 68
6911 72
6912 80
6913 79
6914 73
6915 66
6916 47
6917 69
6918 61
6919 67
6920 77
6921 69
6922 69
6923 65
6924 63
6925 68
6926 64
6927 66
6928 73
6929 63
6930 68
6931 71
6932 70
6933 83
6934 52
6935 69
6936 68
6937 58
6938 57
6939 76
6940 64
6941 66
6942 75
6943 71
6944 50
6945 84
6946 62
6947 64
6948 64
6949 78
6950 87
6951 54
6952 78
6953 59
6954 72
6955 78
6956 68
6957 82
6958 59
6959 65
6960 66
6961 76
6962 78
6963 69
6964 78
6965 85
6966 65
6967 81
6968 60
6969 78
6970 63
6971 64
6972 64
6973 66
6974 76
6975 71
6976 59
6977 74
6978 63
6979 73
6980 64
6981 77
6982 74
6983 62
6984 70
6985 77
6986 71
6987 75
6988 69
6989 61
6990 65
6991 67
6992 62
6993 68
6994 72
6995 69
6996 57
6997 71
6998 61
6999 73
7000 56
7001 67
7002 67
7003 83
7004 73
7005 66
7006 60
7007 58
7008 71
7009 76
7010 63
7011 76
7012 72
7013 62
7014 57
7015 77
7016 70
7017 73
7018 61
7019 76
7020 64
7021 76
7022 75
7023 49
7024 72
7025 62
7026 74
7027 74
7028 52
7029 53
7030 66
7031 65
7032 70
7033 64
7034 69
7035 76
7036 66
7037 48
7038 51
7039 58
7040 65
7041 65
7042 65
7043 76
7044 68
7045 59
7046 63
7047 64
7048 67
7049 58
7050 65
7051 70
7052 69
7053 71
7054 69
7055 68
7056 63
7057 55
7058 63
7059 66
7060 64
7061 62
7062 67
7063 70
7064 58
7065 67
7066 71
7067 81
7068 71
7069 49
7070 59
7071 69
7072 54
7073 65
7074 58
7075 68
7076 77
7077 72
7078 71
7079 77
7080 78
7081 71
7082 63
7083 65
7084 55
7085 67
7086 73
7087 55
7088 65
7089 71
7090 74
7091 64
7092 65
7093 80
7094 60
7095 76
7096 85
7097 65
7098 58
7099 71
7100 68
7101 66
7102 66
7103 84
7104 80
7105 76
7106 67
7107 53
7108 64
7109 64
7110 60
7111 62
7112 77
7113 63
7114 68
7115 52
7116 77
7117 65
7118 66
7119 83
7120 54
7121 59
7122 80
7123 85
7124 63
7125 64
7126 68
7127 73
7128 70
7129 73
7130 75
7131 80
7132 61
7133 63
7134 70
7135 74
7136 67
7137 68
7138 61
7139 63
7140 57
7141 57
7142 64
7143 69
7144 76
7145 67
7146 76
7147 47
7148 60
7149 72
7150 65
7151 54
7152 63
7153 69
7154 63
7155 70
7156 72
7157 53
7158 69
7159 66
7160 65
7161 83
7162 78
7163 74
7164 74
7165 53
7166 58
7167 73
7168 75
7169 66
7170 62
7171 72
7172 56
7173 68
7174 60
7175 71
7176 86
7177 60
7178 76
7179 68
7180 65
7181 85
7182 80
7183 64
7184 49
7185 72
7186 61
7187 57
7188 70
7189 69
7190 57
7191 64
7192 55
7193 65
7194 70
7195 69
7196 58
7197 51
7198 62
7199 74
7200 53
7201 65
7202 55
7203 66
7204 81
7205 82
7206 77
7207 57
7208 62
7209 70
7210 52
7211 62
7212 68
7213 77
7214 54
7215 55
7216 51
7217 69
7218 63
7219 65
7220 52
7221 62
7222 69
7223 67
7224 63
7225 58
7226 68
7227 59
7228 44
7229 71
7230 60
7231 61
7232 66
7233 56
7234 69
7235 60
7236 65
7237 83
7238 74
7239 60
7240 78
7241 67
7242 52
7243 75
7244 55
7245 61
7246 54
7247 64
7248 55
7249 67
7250 75
7251 72
7252 62
7253 64
7254 67
7255 64
7256 67
7257 66
7258 62
7259 60
7260 69
7261 72
7262 53
7263 65
7264 65
7265 54
7266 76
7267 57
7268 72
7269 75
7270 69
7271 62
7272 58
7273 66
7274 59
7275 57
7276 60
7277 69
7278 59
7279 61
7280 64
7281 62
7282 63
7283 58
7284 64
7285 72
7286 70
7287 78
7288 65
7289 71
7290 66
7291 51
7292 55
7293 69
7294 59
7295 58
7296 64
7297 73
7298 66
7299 66
7300 54
7301 63
7302 63
7303 51
7304 64
7305 79
7306 72
7307 63
7308 64
7309 56
7310 60
7311 68
7312 65
7313 58
7314 78
7315 54
7316 59
7317 66
7318 76
7319 65
7320 64
7321 69
7322 79
7323 62
7324 46
7325 79
7326 60
7327 60
7328 69
7329 59
7330 71
7331 66
7332 80
7333 77
7334 73
7335 73
7336 53
7337 64
7338 50
7339 80
7340 61
7341 68
7342 75
7343 74
7344 73
7345 52
7346 61
7347 85
7348 69
7349 61
7350 72
7351 72
7352 61
7353 60
7354 53
7355 76
7356 63
7357 60
7358 60
7359 66
7360 63
7361 64
7362 73
7363 53
7364 60
7365 70
7366 56
7367 56
7368 64
7369 63
7370 59
7371 57
7372 63
7373 49
7374 53
7375 68
7376 61
7377 60
7378 67
7379 69
7380 71
7381 51
7382 73
7383 67
7384 60
7385 82
7386 59
7387 72
7388 73
7389 75
7390 59
7391 57
7392 63
7393 73
7394 63
7395 61
7396 70
7397 64
7398 69
7399 65
7400 60
7401 70
7402 66
7403 63
7404 76
7405 60
7406 58
7407 56
7408 59
7409 61
7410 60
7411 66
7412 64
7413 70
7414 69
7415 55
7416 57
7417 64
7418 65
7419 68
7420 82
7421 61
7422 56
7423 63
7424 63
7425 56
7426 64
7427 51
7428 70
7429 61
7430 58
7431 67
7432 55
7433 56
7434 65
7435 54
7436 58
7437 54
7438 56
7439 62
7440 55
7441 65
7442 61
7443 55
7444 60
7445 61
7446 61
7447 63
7448 51
7449 57
7450 57
7451 61
7452 54
7453 65
7454 59
7455 52
7456 82
7457 57
7458 73
7459 53
7460 61
7461 63
7462 67
7463 66
7464 57
7465 57
7466 74
7467 59
7468 53
7469 54
7470 56
7471 56
7472 65
7473 66
7474 60
7475 66
7476 75
7477 62
7478 79
7479 56
7480 59
7481 62
7482 63
7483 55
7484 56
7485 55
7486 61
7487 54
7488 75
7489 79
7490 76
7491 66
7492 54
7493 58
7494 61
7495 59
7496 76
7497 55
7498 63
7499 64
7500 75
7501 79
7502 51
7503 61
7504 57
7505 61
7506 79
7507 54
7508 66
7509 71
7510 64
7511 62
7512 63
7513 62
7514 78
7515 55
7516 55
7517 48
7518 65
7519 63
7520 51
7521 58
7522 53
7523 46
7524 56
7525 54
7526 64
7527 49
7528 59
7529 64
7530 62
7531 74
7532 52
7533 55
7534 66
7535 62
7536 60
7537 60
7538 58
7539 64
7540 66
7541 45
7542 63
7543 43
7544 37
7545 63
7546 67
7547 72
7548 49
7549 54
7550 66
7551 69
7552 56
7553 65
7554 50
7555 66
7556 43
7557 74
7558 57
7559 55
7560 54
7561 59
7562 65
7563 49
7564 56
7565 62
7566 67
7567 65
7568 58
7569 59
7570 61
7571 65
7572 67
7573 58
7574 59
7575 62
7576 65
7577 66
7578 61
7579 63
7580 53
7581 62
7582 52
7583 62
7584 58
7585 59
7586 69
7587 57
7588 64
7589 53
7590 65
7591 55
7592 66
7593 55
7594 59
7595 65
7596 58
7597 55
7598 72
7599 56
7600 60
7601 69
7602 60
7603 55
7604 62
7605 61
7606 56
7607 71
7608 61
7609 56
7610 59
7611 64
7612 54
7613 65
7614 76
7615 66
7616 57
7617 70
7618 49
7619 60
7620 61
7621 61
7622 60
7623 63
7624 46
7625 60
7626 70
7627 56
7628 59
7629 58
7630 60
7631 43
7632 50
7633 57
7634 70
7635 72
7636 56
7637 48
7638 60
7639 64
7640 72
7641 59
7642 62
7643 45
7644 52
7645 66
7646 67
7647 68
7648 70
7649 54
7650 49
7651 64
7652 50
7653 58
7654 47
7655 67
7656 55
7657 60
7658 49
7659 67
7660 46
7661 51
7662 54
7663 52
7664 52
7665 57
7666 53
7667 63
7668 58
7669 46
7670 62
7671 62
7672 67
7673 53
7674 65
7675 54
7676 58
7677 51
7678 72
7679 59
7680 51
7681 59
7682 58
7683 60
7684 52
7685 39
7686 57
7687 51
7688 70
7689 47
7690 55
7691 49
7692 49
7693 67
7694 48
7695 55
7696 59
7697 60
7698 50
7699 64
7700 59
7701 54
7702 58
7703 52
7704 55
7705 53
7706 53
7707 51
7708 48
7709 54
7710 53
7711 58
7712 47
7713 59
7714 48
7715 59
7716 51
7717 51
7718 58
7719 55
7720 51
7721 51
7722 62
7723 55
7724 43
7725 50
7726 54
7727 52
7728 64
7729 60
7730 57
7731 41
7732 42
7733 46
7734 75
7735 64
7736 46
7737 61
7738 62
7739 57
7740 53
7741 59
7742 50
7743 45
7744 56
7745 61
7746 62
7747 54
7748 56
7749 51
7750 61
7751 66
7752 50
7753 53
7754 60
7755 53
7756 47
7757 47
7758 55
7759 52
7760 44
7761 55
7762 62
7763 50
7764 51
7765 56
7766 47
7767 44
7768 62
7769 53
7770 60
7771 48
7772 45
7773 45
7774 52
7775 52
7776 53
7777 49
7778 51
7779 69
7780 47
7781 48
7782 60
7783 51
7784 50
7785 64
7786 60
7787 45
7788 48
7789 31
7790 61
7791 59
7792 54
7793 42
7794 67
7795 63
7796 54
7797 67
7798 55
7799 56
7800 56
7801 49
7802 50
7803 40
7804 63
7805 49
7806 55
7807 56
7808 57
7809 54
7810 46
7811 46
7812 52
7813 60
7814 50
7815 50
7816 63
7817 54
7818 52
7819 44
7820 63
7821 55
7822 44
7823 59
7824 58
7825 46
7826 51
7827 51
7828 64
7829 51
7830 67
7831 45
7832 58
7833 48
7834 58
7835 58
7836 56
7837 46
7838 46
7839 52
7840 55
7841 59
7842 66
7843 54
7844 53
7845 56
7846 56
7847 53
7848 50
7849 54
7850 58
7851 54
7852 45
7853 58
7854 63
7855 45
7856 52
7857 59
7858 44
7859 37
7860 43
7861 51
7862 61
7863 45
7864 47
7865 60
7866 52
7867 53
7868 60
7869 41
7870 65
7871 54
7872 65
7873 63
7874 47
7875 50
7876 53
7877 60
7878 53
7879 50
7880 50
7881 53
7882 32
7883 50
7884 64
7885 54
7886 53
7887 64
7888 53
7889 46
7890 45
7891 47
7892 68
7893 48
7894 57
7895 48
7896 51
7897 50
7898 47
7899 72
7900 52
7901 60
7902 61
7903 41
7904 60
7905 52
7906 48
7907 53
7908 48
7909 66
7910 55
7911 57
7912 62
7913 55
7914 45
7915 54
7916 48
7917 52
7918 68
7919 56
7920 51
7921 56
7922 54
7923 48
7924 45
7925 50
7926 59
7927 64
7928 44
7929 50
7930 44
7931 56
7932 53
7933 55
7934 62
7935 52
7936 69
7937 41
7938 54
7939 58
7940 49
7941 48
7942 51
7943 47
7944 47
7945 61
7946 59
7947 58
7948 61
7949 54
7950 42
7951 49
7952 49
7953 55
7954 64
7955 54
7956 53
7957 45
7958 60
7959 62
7960 55
7961 52
7962 58
7963 55
7964 41
7965 40
7966 49
7967 52
7968 65
7969 52
7970 48
7971 49
7972 46
7973 40
7974 57
7975 57
7976 50
7977 43
7978 47
7979 51
7980 49
7981 49
7982 51
7983 74
7984 41
7985 67
7986 51
7987 39
7988 45
7989 55
7990 55
7991 47
7992 53
7993 61
7994 51
7995 55
7996 58
7997 49
7998 60
7999 53
8000 41
8001 54
8002 51
8003 56
8004 57
8005 51
8006 51
8007 51
8008 43
8009 47
8010 57
8011 64
8012 65
8013 53
8014 48
8015 41
8016 60
8017 44
8018 40
8019 57
8020 53
8021 43
8022 50
8023 51
8024 56
8025 57
8026 62
8027 39
8028 51
8029 49
8030 61
8031 43
8032 53
8033 52
8034 46
8035 54
8036 47
8037 50
8038 52
8039 44
8040 46
8041 52
8042 60
8043 50
8044 54
8045 50
8046 46
8047 48
8048 47
8049 49
8050 56
8051 39
8052 43
8053 55
8054 58
8055 47
8056 55
8057 55
8058 65
8059 51
8060 62
8061 55
8062 50
8063 42
8064 52
8065 42
8066 53
8067 52
8068 56
8069 53
8070 46
8071 55
8072 48
8073 42
8074 51
8075 53
8076 53
8077 63
8078 64
8079 52
8080 49
8081 44
8082 64
8083 43
8084 44
8085 57
8086 48
8087 58
8088 56
8089 47
8090 42
8091 56
8092 54
8093 45
8094 58
8095 60
8096 51
8097 63
8098 36
8099 54
8100 55
8101 43
8102 51
8103 52
8104 50
8105 51
8106 33
8107 42
8108 61
8109 37
8110 43
8111 47
8112 62
8113 53
8114 55
8115 53
8116 43
8117 57
8118 57
8119 50
8120 54
8121 50
8122 39
8123 42
8124 53
8125 53
8126 64
8127 50
8128 51
8129 55
8130 41
8131 45
8132 48
8133 53
8134 43
8135 52
8136 40
8137 42
8138 49
8139 42
8140 51
8141 50
8142 40
8143 43
8144 43
8145 44
8146 42
8147 52
8148 58
8149 43
8150 49
8151 56
8152 42
8153 54
8154 59
8155 44
8156 62
8157 69
8158 52
8159 45
8160 44
8161 38
8162 59
8163 39
8164 51
8165 44
8166 58
8167 40
8168 50
8169 56
8170 58
8171 46
8172 55
8173 40
8174 41
8175 45
8176 43
8177 57
8178 58
8179 42
8180 70
8181 54
8182 36
8183 34
8184 30
8185 32
8186 51
8187 55
8188 62
8189 54
8190 34
8191 42
8192 59
8193 35
8194 49
8195 45
8196 43
8197 53
8198 43
8199 53
8200 49
8201 41
8202 51
8203 55
8204 34
8205 56
8206 44
8207 52
8208 62
8209 46
8210 46
8211 48
8212 46
8213 48
8214 34
8215 46
8216 58
8217 62
8218 48
8219 44
8220 48
8221 42
8222 40
8223 34
8224 55
8225 60
8226 44
8227 57
8228 47
8229 63
8230 56
8231 49
8232 53
8233 46
8234 52
8235 51
8236 44
8237 50
8238 48
8239 56
8240 53
8241 47
8242 52
8243 45
8244 39
8245 47
8246 56
8247 54
8248 53
8249 36
8250 42
8251 39
8252 40
8253 49
8254 39
8255 41
8256 47
8257 48
8258 51
8259 56
8260 50
8261 52
8262 46
8263 55
8264 41
8265 49
8266 40
8267 59
8268 43
8269 43
8270 50
8271 38
8272 40
8273 56
8274 53
8275 56
8276 50
8277 56
8278 51
8279 53
8280 46
8281 47
8282 46
8283 39
8284 54
8285 45
8286 54
8287 50
8288 44
8289 35
8290 42
8291 53
8292 36
8293 50
8294 51
8295 41
8296 51
8297 43
8298 57
8299 49
8300 42
8301 38
8302 39
8303 46
8304 49
8305 32
8306 40
8307 57
8308 42
8309 43
8310 45
8311 42
8312 42
8313 45
8314 43
8315 47
8316 46
8317 41
8318 41
8319 43
8320 48
8321 51
8322 48
8323 33
8324 38
8325 43
8326 41
8327 62
8328 46
8329 59
8330 43
8331 49
8332 49
8333 39
8334 47
8335 45
8336 56
8337 51
8338 61
8339 54
8340 66
8341 39
8342 47
8343 53
8344 43
8345 51
8346 51
8347 50
8348 57
8349 45
8350 45
8351 43
8352 46
8353 37
8354 47
8355 49
8356 58
8357 45
8358 55
8359 51
8360 44
8361 40
8362 47
8363 29
8364 43
8365 42
8366 50
8367 44
8368 47
8369 37
8370 48
8371 48
8372 45
8373 50
8374 37
8375 51
8376 46
8377 55
8378 47
8379 34
8380 38
8381 44
8382 39
8383 35
8384 37
8385 42
8386 43
8387 47
8388 44
8389 42
8390 45
8391 45
8392 54
8393 52
8394 51
8395 51
8396 36
8397 44
8398 43
8399 51
8400 47
8401 44
8402 45
8403 39
8404 39
8405 49
8406 41
8407 46
8408 35
8409 46
8410 48
8411 40
8412 52
8413 50
8414 42
8415 48
8416 44
8417 47
8418 44
8419 55
8420 47
8421 44
8422 48
8423 42
8424 51
8425 43
8426 59
8427 42
8428 37
8429 44
8430 42
8431 48
8432 51
8433 44
8434 50
8435 52
8436 40
8437 32
8438 49
8439 59
8440 44
8441 45
8442 39
8443 48
8444 39
8445 49
8446 39
8447 51
8448 46
8449 42
8450 42
8451 42
8452 40
8453 45
8454 39
8455 51
8456 46
8457 47
8458 54
8459 45
8460 50
8461 40
8462 55
8463 41
8464 48
8465 46
8466 51
8467 45
8468 48
8469 56
8470 33
8471 60
8472 43
8473 37
8474 44
8475 49
8476 42
8477 50
8478 56
8479 39
8480 39
8481 50
8482 63
8483 45
8484 48
8485 35
8486 33
8487 47
8488 34
8489 52
8490 56
8491 54
8492 50
8493 56
8494 53
8495 42
8496 43
8497 44
8498 57
8499 35
8500 43
8501 43
8502 42
8503 50
8504 54
8505 43
8506 43
8507 56
8508 45
8509 50
8510 49
8511 38
8512 39
8513 50
8514 52
8515 47
8516 38
8517 51
8518 58
8519 40
8520 38
8521 52
8522 50
8523 41
8524 30
8525 35
8526 46
8527 39
8528 52
8529 39
8530 36
8531 45
8532 40
8533 54
8534 40
8535 37
8536 43
8537 37
8538 48
8539 35
8540 43
8541 40
8542 43
8543 39
8544 39
8545 52
8546 43
8547 47
8548 37
8549 44
8550 62
8551 44
8552 43
8553 36
8554 61
8555 41
8556 49
8557 44
8558 57
8559 50
8560 46
8561 40
8562 40
8563 38
8564 40
8565 39
8566 46
8567 34
8568 48
8569 47
8570 46
8571 52
8572 43
8573 42
8574 52
8575 38
8576 44
8577 45
8578 42
8579 39
8580 34
8581 48
8582 41
8583 38
8584 37
8585 46
8586 41
8587 31
8588 48
8589 51
8590 51
8591 37
8592 33
8593 39
8594 56
8595 38
8596 41
8597 33
8598 42
8599 44
8600 52
8601 40
8602 45
8603 44
8604 31
8605 48
8606 41
8607 52
8608 47
8609 36
8610 49
8611 34
8612 50
8613 45
8614 48
8615 33
8616 48
8617 45
8618 56
8619 41
8620 44
8621 46
8622 38
8623 45
8624 46
8625 40
8626 45
8627 37
8628 43
8629 42
8630 40
8631 45
8632 43
8633 37
8634 37
8635 39
8636 35
8637 35
8638 40
8639 52
8640 50
8641 49
8642 51
8643 31
8644 41
8645 43
8646 44
8647 40
8648 50
8649 46
8650 60
8651 39
8652 36
8653 43
8654 37
8655 32
8656 43
8657 45
8658 37
8659 31
8660 60
8661 47
8662 43
8663 40
8664 36
8665 46
8666 47
8667 36
8668 47
8669 48
8670 43
8671 39
8672 45
8673 53
8674 54
8675 49
8676 58
8677 45
8678 38
8679 43
8680 37
8681 46
8682 47
8683 38
8684 46
8685 35
8686 43
8687 39
8688 48
8689 34
8690 46
8691 46
8692 42
8693 48
8694 38
8695 35
8696 36
8697 36
8698 48
8699 50
8700 37
8701 41
8702 45
8703 54
8704 44
8705 39
8706 29
8707 50
8708 45
8709 49
8710 31
8711 52
8712 41
8713 50
8714 50
8715 62
8716 51
8717 49
8718 37
8719 35
8720 37
8721 31
8722 48
8723 43
8724 49
8725 45
8726 47
8727 44
8728 49
8729 39
8730 34
8731 41
8732 51
8733 37
8734 53
8735 42
8736 42
8737 37
8738 43
8739 43
8740 41
8741 37
8742 48
8743 41
8744 53
8745 47
8746 28
8747 46
8748 49
8749 36
8750 44
8751 34
8752 33
8753 46
8754 38
8755 51
8756 45
8757 36
8758 36
8759 40
8760 41
8761 38
8762 33
8763 41
8764 32
8765 40
8766 38
8767 44
8768 43
8769 35
8770 37
8771 47
8772 31
8773 47
8774 39
8775 57
8776 45
8777 40
8778 44
8779 49
8780 37
8781 38
8782 50
8783 43
8784 44
8785 49
8786 38
8787 39
8788 56
8789 37
8790 34
8791 45
8792 44
8793 38
8794 38
8795 60
8796 42
8797 44
8798 41
8799 38
8800 42
8801 46
8802 33
8803 36
8804 32
8805 41
8806 37
8807 35
8808 53
8809 41
8810 34
8811 36
8812 54
8813 31
8814 39
8815 40
8816 39
8817 47
8818 49
8819 37
8820 50
8821 45
8822 40
8823 40
8824 39
8825 45
8826 40
8827 36
8828 41
8829 38
8830 33
8831 41
8832 49
8833 35
8834 43
8835 36
8836 32
8837 52
8838 50
8839 43
8840 41
8841 37
8842 44
8843 45
8844 33
8845 43
8846 43
8847 45
8848 51
8849 37
8850 43
8851 38
8852 45
8853 45
8854 35
8855 43
8856 49
8857 35
8858 56
8859 41
8860 54
8861 33
8862 35
8863 36
8864 36
8865 35
8866 39
8867 39
8868 29
8869 36
8870 44
8871 49
8872 38
8873 37
8874 37
8875 33
8876 39
8877 36
8878 48
8879 42
8880 32
8881 40
8882 48
8883 35
8884 56
8885 33
8886 38
8887 42
8888 41
8889 32
8890 37
8891 39
8892 43
8893 33
8894 50
8895 32
8896 34
8897 46
8898 48
8899 49
8900 42
8901 40
8902 46
8903 44
8904 32
8905 42
8906 42
8907 31
8908 33
8909 42
8910 37
8911 40
8912 37
8913 36
8914 43
8915 45
8916 36
8917 36
8918 42
8919 46
8920 40
8921 56
8922 44
8923 45
8924 38
8925 43
8926 38
8927 41
8928 54
8929 29
8930 42
8931 41
8932 36
8933 35
8934 38
8935 48
8936 43
8937 34
8938 45
8939 46
8940 33
8941 45
8942 53
8943 41
8944 39
8945 27
8946 38
8947 49
8948 45
8949 48
8950 33
8951 39
8952 31
8953 26
8954 37
8955 39
8956 48
8957 39
8958 53
8959 39
8960 32
8961 49
8962 47
8963 47
8964 51
8965 38
8966 42
8967 36
8968 42
8969 31
8970 39
8971 36
8972 46
8973 35
8974 41
8975 46
8976 44
8977 51
8978 34
8979 40
8980 54
8981 29
8982 47
8983 33
8984 42
8985 39
8986 37
8987 44
8988 44
8989 41
8990 42
8991 50
8992 39
8993 44
8994 52
8995 39
8996 36
8997 37
8998 32
8999 53
9000 43
9001 32
9002 51
9003 26
9004 24
9005 37
9006 37
9007 40
9008 45
9009 30
9010 42
9011 36
9012 37
9013 39
9014 39
9015 36
9016 49
9017 43
9018 32
9019 41
9020 38
9021 30
9022 32
9023 39
9024 33
9025 37
9026 41
9027 43
9028 35
9029 45
9030 46
9031 39
9032 45
9033 30
9034 43
9035 35
9036 59
9037 36
9038 36
9039 44
9040 39
9041 49
9042 40
9043 33
9044 39
9045 42
9046 38
9047 36
9048 41
9049 33
9050 36
9051 25
9052 40
9053 40
9054 31
9055 32
9056 28
9057 43
9058 46
9059 38
9060 37
9061 45
9062 53
9063 30
9064 39
9065 35
9066 45
9067 35
9068 35
9069 40
9070 41
9071 48
9072 41
9073 35
9074 49
9075 45
9076 41
9077 30
9078 38
9079 36
9080 39
9081 40
9082 35
9083 29
9084 36
9085 33
9086 35
9087 41
9088 39
9089 41
9090 46
9091 39
9092 39
9093 37
9094 43
9095 40
9096 40
9097 41
9098 44
9099 35
9100 35
9101 51
9102 36
9103 41
9104 42
9105 37
9106 33
9107 49
9108 36
9109 39
9110 35
9111 51
9112 27
9113 32
9114 39
9115 34
9116 48
9117 43
9118 35
9119 30
9120 33
9121 39
9122 40
9123 35
9124 42
9125 33
9126 42
9127 37
9128 34
9129 28
9130 40
9131 36
9132 48
9133 25
9134 29
9135 35
9136 37
9137 34
9138 39
9139 33
9140 34
9141 42
9142 33
9143 43
9144 31
9145 44
9146 44
9147 25
9148 34
9149 34
9150 27
9151 27
9152 27
9153 33
9154 31
9155 41
9156 34
9157 22
9158 40
9159 41
9160 38
9161 39
9162 44
9163 40
9164 33
9165 35
9166 36
9167 39
9168 44
9169 47
9170 34
9171 29
9172 33
9173 44
9174 35
9175 47
9176 47
9177 39
9178 36
9179 28
9180 35
9181 36
9182 40
9183 38
9184 33
9185 30
9186 40
9187 42
9188 36
9189 32
9190 44
9191 48
9192 42
9193 43
9194 32
9195 43
9196 44
9197 36
9198 36
9199 29
9200 29
9201 38
9202 37
9203 37
9204 40
9205 43
9206 41
9207 43
9208 38
9209 39
9210 36
9211 38
9212 33
9213 38
9214 34
9215 43
9216 29
9217 38
9218 33
9219 36
9220 36
9221 35
9222 32
9223 35
9224 35
9225 44
9226 36
9227 31
9228 32
9229 30
9230 36
9231 27
9232 50
9233 29
9234 32
9235 46
9236 46
9237 44
9238 31
9239 34
9240 41
9241 32
9242 32
9243 43
9244 41
9245 45
9246 49
9247 35
9248 34
9249 51
9250 33
9251 32
9252 45
9253 42
9254 42
9255 32
9256 43
9257 34
9258 51
9259 32
9260 30
9261 37
9262 35
9263 39
9264 38
9265 39
9266 37
9267 35
9268 35
9269 32
9270 37
9271 34
9272 40
9273 37
9274 36
9275 40
9276 49
9277 40
9278 48
9279 48
9280 29
9281 44
9282 42
9283 30
9284 39
9285 31
9286 46
9287 37
9288 45
9289 32
9290 38
9291 32
9292 44
9293 32
9294 33
9295 20
9296 31
9297 28
9298 35
9299 51
9300 34
9301 38
9302 31
9303 31
9304 33
9305 24
9306 38
9307 35
9308 30
9309 37
9310 45
9311 27
9312 19
9313 33
9314 41
9315 31
9316 40
9317 37
9318 31
9319 44
9320 34
9321 34
9322 40
9323 36
9324 35
9325 34
9326 36
9327 39
9328 40
9329 45
9330 42
9331 30
9332 44
9333 38
9334 27
9335 34
9336 37
9337 40
9338 30
9339 33
9340 42
9341 37
9342 29
9343 31
9344 31
9345 32
9346 29
9347 43
9348 24
9349 38
9350 35
9351 25
9352 38
9353 41
9354 39
9355 32
9356 43
9357 37
9358 32
9359 35
9360 42
9361 39
9362 28
9363 36
9364 33
9365 38
9366 38
9367 33
9368 36
9369 32
9370 37
9371 41
9372 34
9373 40
9374 39
9375 38
9376 23
9377 47
9378 38
9379 29
9380 29
9381 47
9382 40
9383 39
9384 37
9385 30
9386 35
9387 44
9388 27
9389 36
9390 40
9391 40
9392 37
9393 39
9394 33
9395 31
9396 42
9397 34
9398 30
9399 37
9400 40
9401 38
9402 37
9403 30
9404 29
9405 41
9406 23
9407 33
9408 35
9409 35
9410 37
9411 26
9412 38
9413 28
9414 28
9415 31
9416 39
9417 36
9418 27
9419 31
9420 40
9421 34
9422 28
9423 30
9424 34
9425 29
9426 40
9427 35
9428 32
9429 31
9430 37
9431 28
9432 33
9433 37
9434 27
9435 34
9436 34
9437 33
9438 40
9439 37
9440 39
9441 40
9442 46
9443 31
9444 29
9445 43
9446 31
9447 29
9448 34
9449 31
9450 42
9451 36
9452 28
9453 32
9454 28
9455 37
9456 36
9457 31
9458 41
9459 38
9460 31
9461 33
9462 33
9463 26
9464 25
9465 29
9466 39
9467 35
9468 30
9469 43
9470 26
9471 35
9472 39
9473 26
9474 46
9475 41
9476 34
9477 37
9478 40
9479 39
9480 27
9481 31
9482 46
9483 26
9484 40
9485 33
9486 30
9487 41
9488 38
9489 33
9490 45
9491 39
9492 28
9493 38
9494 29
9495 30
9496 36
9497 49
9498 33
9499 39
9500 32
9501 31
9502 42
9503 24
9504 41
9505 25
9506 32
9507 36
9508 30
9509 33
9510 38
9511 30
9512 30
9513 32
9514 39
9515 31
9516 33
9517 38
9518 34
9519 37
9520 29
9521 48
9522 38
9523 37
9524 23
9525 26
9526 32
9527 38
9528 31
9529 30
9530 38
9531 25
9532 36
9533 36
9534 39
9535 43
9536 31
9537 25
9538 35
9539 40
9540 29
9541 28
9542 28
9543 27
9544 31
9545 36
9546 37
9547 35
9548 27
9549 29
9550 34
9551 32
9552 28
9553 38
9554 37
9555 34
9556 32
9557 36
9558 35
9559 38
9560 31
9561 37
9562 39
9563 30
9564 33
9565 39
9566 33
9567 30
9568 34
9569 38
9570 30
9571 32
9572 26
9573 30
9574 30
9575 32
9576 36
9577 28
9578 40
9579 31
9580 41
9581 25
9582 30
9583 26
9584 39
9585 34
9586 31
9587 40
9588 31
9589 33
9590 35
9591 38
9592 29
9593 44
9594 39
9595 39
9596 34
9597 36
9598 28
9599 36
9600 37
9601 31
9602 43
9603 28
9604 32
9605 36
9606 29
9607 38
9608 32
9609 24
9610 27
9611 43
9612 33
9613 32
9614 39
9615 38
9616 31
9617 30
9618 27
9619 33
9620 34
9621 28
9622 35
9623 22
9624 25
9625 25
9626 41
9627 34
9628 35
9629 32
9630 31
9631 35
9632 32
9633 41
9634 41
9635 37
9636 27
9637 28
9638 32
9639 33
9640 35
9641 41
9642 29
9643 30
9644 41
9645 29
9646 25
9647 46
9648 29
9649 29
9650 41
9651 24
9652 30
9653 35
9654 39
9655 34
9656 30
9657 44
9658 21
9659 31
9660 27
9661 30
9662 31
9663 29
9664 27
9665 21
9666 34
9667 24
9668 42
9669 35
9670 29
9671 44
9672 46
9673 34
9674 28
9675 43
9676 38
9677 42
9678 25
9679 40
9680 39
9681 26
9682 33
9683 32
9684 37
9685 38
9686 27
9687 40
9688 27
9689 37
9690 34
9691 24
9692 23
9693 36
9694 35
9695 33
9696 37
9697 40
9698 41
9699 32
9700 31
9701 37
9702 29
9703 37
9704 32
9705 30
9706 29
9707 26
9708 36
9709 43
9710 33
9711 30
9712 35
9713 24
9714 34
9715 37
9716 30
9717 29
9718 30
9719 41
9720 43
9721 43
9722 43
9723 27
9724 37
9725 41
9726 30
9727 37
9728 38
9729 32
9730 23
9731 27
9732 33
9733 27
9734 32
9735 32
9736 31
9737 36
9738 31
9739 43
9740 36
9741 41
9742 29
9743 30
9744 33
9745 27
9746 38
9747 32
9748 51
9749 39
9750 30
9751 33
9752 29
9753 28
9754 23
9755 33
9756 45
9757 39
9758 35
9759 33
9760 35
9761 35
9762 28
9763 42
9764 27
9765 33
9766 35
9767 35
9768 34
9769 29
9770 26
9771 30
9772 28
9773 36
9774 27
9775 36
9776 45
9777 27
9778 40
9779 28
9780 37
9781 38
9782 40
9783 33
9784 32
9785 35
9786 16
9787 39
9788 26
9789 30
9790 38
9791 37
9792 29
9793 34
9794 40
9795 38
9796 23
9797 34
9798 29
9799 32
9800 41
9801 36
9802 44
9803 25
9804 35
9805 29
9806 27
9807 47
9808 38
9809 30
9810 28
9811 31
9812 32
9813 38
9814 29
9815 22
9816 28
9817 34
9818 29
9819 24
9820 30
9821 27
9822 40
9823 35
9824 25
9825 35
9826 29
9827 22
9828 32
9829 28
9830 23
9831 30
9832 31
9833 31
9834 31
9835 35
9836 39
9837 30
9838 28
9839 31
9840 26
9841 33
9842 31
9843 26
9844 37
9845 28
9846 38
9847 38
9848 28
9849 37
9850 27
9851 31
9852 27
9853 38
9854 31
9855 34
9856 30
9857 38
9858 28
9859 29
9860 31
9861 35
9862 35
9863 43
9864 34
9865 30
9866 40
9867 32
9868 43
9869 25
9870 29
9871 29
9872 38
9873 37
9874 37
9875 36
9876 35
9877 31
9878 43
9879 36
9880 30
9881 36
9882 33
9883 29
9884 36
9885 33
9886 30
9887 39
9888 37
9889 31
9890 36
9891 20
9892 31
9893 41
9894 25
9895 28
9896 17
9897 26
9898 34
9899 27
9900 32
9901 27
9902 32
9903 30
9904 29
9905 30
9906 35
9907 33
9908 35
9909 40
9910 29
9911 30
9912 38
9913 31
9914 35
9915 31
9916 34
9917 36
9918 35
9919 42
9920 37
9921 38
9922 33
9923 45
9924 32
9925 33
9926 33
9927 42
9928 32
9929 22
9930 35
9931 32
9932 43
9933 39
9934 34
9935 38
9936 45
9937 26
9938 34
9939 26
9940 15
9941 32
9942 30
9943 38
9944 30
9945 29
9946 26
9947 28
9948 33
9949 31
9950 31
9951 31
9952 26
9953 32
9954 28
9955 17
9956 22
9957 38
9958 25
9959 36
9960 38
9961 23
9962 29
9963 28
9964 21
9965 39
9966 38
9967 30
9968 25
9969 27
9970 29
9971 23
9972 23
9973 28
9974 35
9975 24
9976 34
9977 31
9978 25
9979 28
9980 29
9981 32
9982 31
9983 31
9984 36
9985 37
9986 30
9987 26
9988 41
9989 33
9990 26
9991 32
9992 31
9993 30
9994 45
9995 31
9996 27
9997 38
9998 28
9999 28
10000 27
10001 385552
