1 1426142710
2 415801497
3 168320886
4 87466124
5 54050078
6 37897785
7 29363550
8 24683870
9 22191674
10 21027995
11 20658642
12 20801086
13 21126058
14 21426172
15 21492176
16 21193837
17 20463297
18 19289023
19 17753163
20 16008880
21 14157055
22 12336506
23 10649796
24 9200796
25 7992135
26 7033645
27 6287925
28 5745855
29 5351116
30 5046300
31 4826115
32 4639294
33 4470152
34 4289819
35 4102625
36 3900303
37 3680653
38 3445500
39 3196192
40 2953144
41 2709408
42 2480802
43 2272585
44 2083059
45 1915583
46 1764866
47 1639356
48 1526456
49 1430692
50 1346340
51 1267622
52 1199720
53 1139555
54 1082734
55 1027952
56 979478
57 932237
58 885941
59 844384
60 804727
61 766065
62 729357
63 696134
64 664499
65 635326
66 608251
67 580170
68 555762
69 533737
70 512458
71 491866
72 474107
73 454535
74 436558
75 420228
76 404041
77 389126
78 373789
79 359684
80 346249
81 335257
82 322489
83 311235
84 300678
85 291684
86 281172
87 272786
88 263275
89 255119
90 246903
91 240970
92 233436
93 225558
94 219191
95 213459
96 207304
97 202587
98 196843
99 191059
100 184872
101 180602
102 175873
103 170807
104 167018
105 162060
106 157961
107 153996
108 150490
109 146518
110 143887
111 139916
112 136642
113 133222
114 130855
115 126674
116 124560
117 121395
118 118983
119 115998
120 113731
121 111016
122 108827
123 106129
124 104774
125 102247
126 100381
127 97769
128 95639
129 94254
130 92689
131 90540
132 89168
133 87636
134 85394
135 84040
136 82314
137 81114
138 79332
139 78042
140 76468
141 75381
142 74174
143 72396
144 70920
145 70323
146 69172
147 67870
148 66781
149 65527
150 64637
151 63076
152 62340
153 61423
154 60436
155 59074
156 58399
157 57701
158 56717
159 55837
160 54844
161 53895
162 53547
163 52710
164 51781
165 50985
166 50466
167 49102
168 48587
169 47808
170 47738
171 46841
172 46362
173 45706
174 44706
175 44009
176 43410
177 43244
178 42206
179 41574
180 41157
181 40624
182 40135
183 39867
184 39502
185 38918
186 37948
187 38194
188 37131
189 36900
190 36259
191 35924
192 34949
193 34974
194 34461
195 34013
196 33311
197 33056
198 33183
199 32622
200 32340
201 31691
202 31250
203 31087
204 30583
205 30343
206 29982
207 29405
208 29451
209 29187
210 28320
211 28353
212 27943
213 27788
214 27356
215 26938
216 26806
217 26308
218 26121
219 25895
220 25712
221 25098
222 25408
223 24554
224 24735
225 23972
226 24307
227 23770
228 23604
229 23488
230 23342
231 22955
232 22711
233 22550
234 22198
235 22015
236 21812
237 21698
238 21344
239 20867
240 20912
241 20618
242 20596
243 20232
244 20126
245 19848
246 19817
247 19426
248 19445
249 19139
250 19173
251 18909
252 18871
253 18507
254 18372
255 17967
256 18186
257 17995
258 17794
259 17604
260 17553
261 17252
262 17089
263 16716
264 16660
265 16544
266 16384
267 16416
268 15969
269 16133
270 15851
271 16131
272 15817
273 15419
274 15354
275 15230
276 15130
277 14921
278 15113
279 14910
280 14794
281 14549
282 14525
283 14280
284 14343
285 14054
286 14195
287 13851
288 13944
289 13552
290 13294
291 13689
292 13346
293 13514
294 13232
295 13059
296 12982
297 12859
298 12797
299 12840
300 12743
301 12579
302 12625
303 12242
304 12245
305 12117
306 12260
307 11996
308 11925
309 11769
310 11678
311 11684
312 11598
313 11482
314 11551
315 11442
316 11356
317 11214
318 11271
319 10920
320 11080
321 10876
322 10837
323 10764
324 10878
325 10899
326 10502
327 10482
328 10663
329 10426
330 10400
331 10313
332 10358
333 10284
334 10063
335 10128
336 9967
337 9993
338 9989
339 9964
340 9807
341 9999
342 9736
343 9788
344 9722
345 9740
346 9488
347 9747
348 9524
349 9463
350 9402
351 9449
352 9173
353 9231
354 9363
355 9348
356 9323
357 9177
358 8978
359 8961
360 9073
361 8907
362 9019
363 8973
364 8845
365 8734
366 8760
367 8662
368 8694
369 8916
370 8543
371 8453
372 8646
373 8433
374 8557
375 8460
376 8461
377 8358
378 8470
379 8108
380 8250
381 8178
382 8198
383 8261
384 8292
385 8042
386 8133
387 8044
388 8152
389 8056
390 7982
391 7946
392 8069
393 7888
394 7835
395 7807
396 7568
397 7700
398 7560
399 7544
400 7587
401 7683
402 7510
403 7557
404 7483
405 7423
406 7386
407 7410
408 7282
409 7253
410 7168
411 7211
412 7191
413 7129
414 7265
415 7176
416 7128
417 7174
418 6907
419 7124
420 6933
421 7032
422 6926
423 6663
424 6805
425 6819
426 6691
427 6788
428 6602
429 6488
430 6619
431 6731
432 6440
433 6389
434 6334
435 6436
436 6265
437 6179
438 6222
439 6071
440 6175
441 6098
442 6005
443 6227
444 5958
445 5940
446 5871
447 5922
448 5866
449 5886
450 5732
451 5824
452 5498
453 5681
454 5735
455 5627
456 5643
457 5515
458 5603
459 5386
460 5373
461 5428
462 5339
463 5328
464 5422
465 5272
466 5104
467 5220
468 5095
469 5074
470 5108
471 4978
472 5037
473 5089
474 4996
475 4810
476 4807
477 5029
478 4953
479 4892
480 4818
481 4872
482 4741
483 4730
484 4633
485 4529
486 4631
487 4466
488 4533
489 4513
490 4480
491 4504
492 4447
493 4326
494 4415
495 4296
496 4269
497 4332
498 4324
499 4323
500 4097
501 4134
502 4213
503 4053
504 4096
505 4177
506 4019
507 3888
508 3870
509 3876
510 3946
511 4004
512 3906
513 3887
514 3900
515 3847
516 3866
517 3720
518 3580
519 3628
520 3664
521 3656
522 3650
523 3635
524 3597
525 3620
526 3532
527 3576
528 3556
529 3540
530 3474
531 3537
532 3431
533 3403
534 3542
535 3315
536 3458
537 3409
538 3359
539 3341
540 3310
541 3297
542 3308
543 3263
544 3181
545 3224
546 3222
547 3202
548 3226
549 3067
550 3097
551 3106
552 3077
553 3122
554 3094
555 2960
556 3025
557 3006
558 2977
559 3006
560 3072
561 2863
562 2957
563 2957
564 2949
565 2892
566 2770
567 2831
568 2855
569 2801
570 2863
571 2736
572 2806
573 2787
574 2799
575 2812
576 2646
577 2833
578 2679
579 2607
580 2731
581 2734
582 2704
583 2622
584 2529
585 2598
586 2475
587 2646
588 2644
589 2629
590 2646
591 2536
592 2439
593 2459
594 2493
595 2481
596 2495
597 2479
598 2460
599 2523
600 2507
601 2465
602 2450
603 2474
604 2422
605 2433
606 2446
607 2364
608 2392
609 2369
610 2460
611 2285
612 2494
613 2311
614 2419
615 2299
616 2391
617 2265
618 2348
619 2288
620 2212
621 2233
622 2288
623 2225
624 2215
625 2205
626 2208
627 2228
628 2247
629 2221
630 2232
631 2208
632 2179
633 2167
634 2177
635 2118
636 2205
637 2054
638 2165
639 2063
640 2151
641 2064
642 2142
643 2017
644 2107
645 2029
646 2062
647 2001
648 2090
649 1999
650 2048
651 1993
652 2029
653 2011
654 2006
655 1961
656 1990
657 2011
658 1994
659 1933
660 1937
661 1985
662 1960
663 1982
664 2077
665 1980
666 1928
667 1880
668 1881
669 1924
670 1845
671 1907
672 1848
673 1841
674 1885
675 1819
676 1814
677 1804
678 1795
679 1862
680 1806
681 1868
682 1876
683 1884
684 1892
685 1818
686 1721
687 1806
688 1699
689 1752
690 1772
691 1761
692 1782
693 1751
694 1707
695 1710
696 1716
697 1746
698 1686
699 1720
700 1692
701 1733
702 1669
703 1661
704 1732
705 1664
706 1719
707 1702
708 1621
709 1658
710 1686
711 1592
712 1635
713 1586
714 1639
715 1673
716 1568
717 1580
718 1584
719 1597
720 1573
721 1584
722 1582
723 1571
724 1572
725 1576
726 1512
727 1629
728 1550
729 1510
730 1590
731 1506
732 1518
733 1558
734 1429
735 1507
736 1470
737 1485
738 1524
739 1493
740 1477
741 1480
742 1459
743 1501
744 1462
745 1476
746 1426
747 1411
748 1475
749 1488
750 1502
751 1469
752 1500
753 1475
754 1438
755 1377
756 1425
757 1404
758 1348
759 1384
760 1379
761 1306
762 1326
763 1344
764 1403
765 1440
766 1347
767 1387
768 1381
769 1352
770 1400
771 1400
772 1333
773 1322
774 1350
775 1310
776 1329
777 1354
778 1338
779 1383
780 1352
781 1309
782 1320
783 1254
784 1295
785 1284
786 1294
787 1315
788 1354
789 1306
790 1275
791 1292
792 1266
793 1271
794 1288
795 1242
796 1276
797 1209
798 1264
799 1208
800 1285
801 1258
802 1235
803 1215
804 1211
805 1193
806 1221
807 1220
808 1254
809 1237
810 1285
811 1200
812 1256
813 1224
814 1172
815 1247
816 1222
817 1214
818 1218
819 1177
820 1211
821 1185
822 1134
823 1191
824 1116
825 1158
826 1187
827 1183
828 1170
829 1108
830 1184
831 1159
832 1153
833 1125
834 1173
835 1154
836 1179
837 1229
838 1112
839 1127
840 1109
841 1129
842 1062
843 1032
844 1108
845 1100
846 1123
847 1063
848 1100
849 1095
850 1037
851 994
852 1098
853 1071
854 1045
855 1094
856 1078
857 1064
858 1023
859 1065
860 1032
861 1009
862 1088
863 1036
864 1085
865 1007
866 1015
867 1014
868 990
869 983
870 1014
871 1060
872 975
873 1035
874 1080
875 1044
876 1023
877 993
878 1021
879 988
880 1031
881 1020
882 929
883 956
884 974
885 992
886 983
887 968
888 1003
889 1001
890 1004
891 995
892 991
893 918
894 960
895 910
896 951
897 939
898 967
899 969
900 961
901 945
902 1013
903 944
904 918
905 971
906 943
907 937
908 940
909 944
910 958
911 916
912 960
913 891
914 936
915 922
916 878
917 882
918 911
919 913
920 962
921 920
922 908
923 918
924 948
925 916
926 901
927 893
928 897
929 890
930 914
931 875
932 884
933 915
934 830
935 885
936 855
937 911
938 835
939 832
940 900
941 889
942 902
943 823
944 823
945 865
946 832
947 814
948 811
949 871
950 851
951 827
952 879
953 873
954 852
955 854
956 847
957 780
958 808
959 855
960 820
961 789
962 831
963 833
964 819
965 830
966 786
967 821
968 787
969 793
970 795
971 798
972 805
973 816
974 847
975 749
976 844
977 799
978 815
979 746
980 813
981 726
982 788
983 754
984 774
985 817
986 820
987 801
988 778
989 751
990 768
991 740
992 783
993 817
994 792
995 755
996 775
997 795
998 773
999 746
1000 722
1001 748
1002 776
1003 785
1004 742
1005 757
1006 747
1007 760
1008 756
1009 748
1010 751
1011 720
1012 706
1013 778
1014 709
1015 696
1016 700
1017 748
1018 724
1019 746
1020 729
1021 697
1022 763
1023 692
1024 641
1025 699
1026 721
1027 666
1028 682
1029 714
1030 727
1031 689
1032 702
1033 690
1034 683
1035 691
1036 682
1037 689
1038 697
1039 685
1040 695
1041 675
1042 662
1043 698
1044 665
1045 698
1046 629
1047 660
1048 690
1049 616
1050 716
1051 699
1052 648
1053 656
1054 650
1055 691
1056 659
1057 704
1058 653
1059 635
1060 631
1061 660
1062 663
1063 619
1064 644
1065 604
1066 650
1067 626
1068 637
1069 630
1070 652
1071 667
1072 613
1073 565
1074 633
1075 618
1076 619
1077 609
1078 627
1079 632
1080 669
1081 578
1082 652
1083 620
1084 656
1085 663
1086 604
1087 603
1088 603
1089 562
1090 615
1091 604
1092 593
1093 558
1094 610
1095 531
1096 601
1097 588
1098 571
1099 602
1100 597
1101 546
1102 632
1103 610
1104 577
1105 587
1106 635
1107 630
1108 608
1109 579
1110 577
1111 590
1112 589
1113 628
1114 576
1115 556
1116 571
1117 579
1118 588
1119 590
1120 586
1121 588
1122 595
1123 596
1124 564
1125 541
1126 566
1127 592
1128 598
1129 556
1130 529
1131 537
1132 564
1133 541
1134 554
1135 568
1136 577
1137 549
1138 562
1139 556
1140 537
1141 539
1142 550
1143 540
1144 518
1145 543
1146 590
1147 621
1148 508
1149 499
1150 535
1151 541
1152 535
1153 567
1154 564
1155 523
1156 522
1157 529
1158 534
1159 524
1160 519
1161 560
1162 479
1163 540
1164 497
1165 502
1166 517
1167 545
1168 528
1169 543
1170 564
1171 512
1172 531
1173 538
1174 532
1175 575
1176 524
1177 546
1178 556
1179 555
1180 521
1181 523
1182 518
1183 528
1184 507
1185 496
1186 497
1187 536
1188 531
1189 520
1190 473
1191 485
1192 523
1193 507
1194 541
1195 500
1196 512
1197 512
1198 496
1199 546
1200 500
1201 469
1202 464
1203 488
1204 497
1205 480
1206 499
1207 508
1208 487
1209 517
1210 504
1211 522
1212 442
1213 487
1214 505
1215 463
1216 478
1217 462
1218 499
1219 485
1220 478
1221 460
1222 459
1223 470
1224 501
1225 453
1226 501
1227 438
1228 495
1229 463
1230 449
1231 471
1232 458
1233 458
1234 450
1235 457
1236 474
1237 506
1238 456
1239 465
1240 434
1241 458
1242 467
1243 420
1244 461
1245 453
1246 461
1247 447
1248 444
1249 429
1250 457
1251 467
1252 454
1253 463
1254 441
1255 464
1256 449
1257 418
1258 439
1259 433
1260 461
1261 453
1262 447
1263 444
1264 447
1265 443
1266 438
1267 458
1268 418
1269 492
1270 401
1271 441
1272 452
1273 444
1274 435
1275 443
1276 438
1277 426
1278 407
1279 410
1280 413
1281 438
1282 458
1283 381
1284 426
1285 432
1286 411
1287 433
1288 429
1289 461
1290 408
1291 424
1292 418
1293 447
1294 391
1295 409
1296 427
1297 397
1298 423
1299 409
1300 404
1301 417
1302 394
1303 405
1304 416
1305 438
1306 444
1307 423
1308 410
1309 416
1310 381
1311 389
1312 413
1313 375
1314 416
1315 378
1316 411
1317 391
1318 400
1319 402
1320 441
1321 400
1322 397
1323 409
1324 455
1325 404
1326 383
1327 408
1328 414
1329 368
1330 361
1331 412
1332 383
1333 403
1334 406
1335 402
1336 369
1337 373
1338 434
1339 382
1340 396
1341 370
1342 372
1343 352
1344 386
1345 374
1346 382
1347 407
1348 373
1349 388
1350 390
1351 422
1352 396
1353 373
1354 361
1355 378
1356 339
1357 390
1358 384
1359 376
1360 387
1361 355
1362 391
1363 388
1364 364
1365 380
1366 370
1367 322
1368 386
1369 390
1370 368
1371 355
1372 381
1373 345
1374 367
1375 373
1376 352
1377 375
1378 364
1379 354
1380 362
1381 360
1382 341
1383 385
1384 385
1385 391
1386 338
1387 347
1388 359
1389 352
1390 357
1391 358
1392 345
1393 345
1394 349
1395 367
1396 351
1397 353
1398 364
1399 349
1400 378
1401 384
1402 354
1403 397
1404 327
1405 355
1406 367
1407 329
1408 349
1409 339
1410 296
1411 338
1412 379
1413 321
1414 332
1415 347
1416 358
1417 328
1418 336
1419 322
1420 325
1421 329
1422 303
1423 366
1424 335
1425 339
1426 330
1427 329
1428 359
1429 329
1430 349
1431 315
1432 333
1433 342
1434 326
1435 311
1436 315
1437 312
1438 313
1439 325
1440 317
1441 306
1442 343
1443 282
1444 321
1445 331
1446 325
1447 314
1448 325
1449 308
1450 296
1451 344
1452 315
1453 327
1454 333
1455 349
1456 319
1457 316
1458 327
1459 305
1460 318
1461 301
1462 309
1463 324
1464 303
1465 327
1466 322
1467 327
1468 309
1469 326
1470 278
1471 328
1472 323
1473 322
1474 320
1475 288
1476 329
1477 292
1478 310
1479 292
1480 307
1481 335
1482 319
1483 321
1484 339
1485 336
1486 297
1487 304
1488 331
1489 301
1490 332
1491 310
1492 272
1493 286
1494 326
1495 325
1496 332
1497 298
1498 304
1499 313
1500 294
1501 305
1502 305
1503 274
1504 299
1505 298
1506 284
1507 325
1508 302
1509 280
1510 287
1511 300
1512 287
1513 268
1514 297
1515 267
1516 258
1517 295
1518 271
1519 300
1520 264
1521 275
1522 276
1523 318
1524 275
1525 280
1526 270
1527 261
1528 278
1529 306
1530 310
1531 286
1532 255
1533 287
1534 303
1535 280
1536 280
1537 326
1538 268
1539 295
1540 282
1541 235
1542 259
1543 256
1544 269
1545 273
1546 279
1547 268
1548 300
1549 299
1550 254
1551 264
1552 300
1553 278
1554 265
1555 263
1556 288
1557 269
1558 277
1559 229
1560 284
1561 286
1562 262
1563 292
1564 242
1565 251
1566 256
1567 287
1568 267
1569 292
1570 282
1571 271
1572 291
1573 267
1574 258
1575 267
1576 276
1577 291
1578 249
1579 284
1580 282
1581 235
1582 259
1583 271
1584 260
1585 278
1586 258
1587 274
1588 247
1589 269
1590 271
1591 265
1592 275
1593 231
1594 290
1595 266
1596 291
1597 284
1598 258
1599 253
1600 269
1601 289
1602 244
1603 235
1604 264
1605 257
1606 252
1607 266
1608 267
1609 260
1610 228
1611 244
1612 229
1613 242
1614 257
1615 253
1616 286
1617 243
1618 227
1619 249
1620 249
1621 281
1622 250
1623 244
1624 239
1625 253
1626 253
1627 231
1628 268
1629 224
1630 293
1631 242
1632 255
1633 261
1634 265
1635 251
1636 252
1637 248
1638 254
1639 265
1640 237
1641 236
1642 222
1643 250
1644 226
1645 246
1646 250
1647 233
1648 238
1649 246
1650 215
1651 241
1652 232
1653 222
1654 221
1655 257
1656 274
1657 214
1658 211
1659 262
1660 243
1661 232
1662 209
1663 239
1664 245
1665 218
1666 234
1667 245
1668 215
1669 220
1670 244
1671 235
1672 230
1673 230
1674 223
1675 211
1676 214
1677 237
1678 243
1679 233
1680 215
1681 250
1682 229
1683 241
1684 221
1685 250
1686 232
1687 214
1688 227
1689 221
1690 217
1691 238
1692 227
1693 229
1694 222
1695 225
1696 228
1697 238
1698 220
1699 241
1700 228
1701 207
1702 238
1703 213
1704 227
1705 227
1706 246
1707 208
1708 221
1709 218
1710 207
1711 237
1712 243
1713 250
1714 220
1715 225
1716 214
1717 209
1718 263
1719 229
1720 197
1721 229
1722 269
1723 222
1724 220
1725 213
1726 206
1727 233
1728 207
1729 205
1730 194
1731 192
1732 214
1733 219
1734 201
1735 230
1736 218
1737 203
1738 219
1739 231
1740 241
1741 218
1742 212
1743 233
1744 215
1745 191
1746 203
1747 197
1748 200
1749 229
1750 200
1751 211
1752 198
1753 184
1754 226
1755 229
1756 185
1757 226
1758 213
1759 210
1760 210
1761 194
1762 213
1763 199
1764 228
1765 218
1766 212
1767 193
1768 203
1769 200
1770 213
1771 193
1772 164
1773 216
1774 201
1775 219
1776 206
1777 207
1778 200
1779 231
1780 222
1781 215
1782 227
1783 188
1784 210
1785 180
1786 192
1787 201
1788 189
1789 209
1790 206
1791 219
1792 165
1793 198
1794 219
1795 174
1796 207
1797 180
1798 216
1799 191
1800 201
1801 196
1802 208
1803 185
1804 188
1805 183
1806 190
1807 204
1808 194
1809 202
1810 194
1811 198
1812 218
1813 191
1814 196
1815 197
1816 180
1817 209
1818 181
1819 179
1820 191
1821 173
1822 179
1823 195
1824 194
1825 198
1826 202
1827 195
1828 214
1829 200
1830 199
1831 209
1832 177
1833 198
1834 164
1835 187
1836 172
1837 173
1838 182
1839 190
1840 201
1841 211
1842 182
1843 181
1844 198
1845 182
1846 188
1847 191
1848 203
1849 208
1850 194
1851 203
1852 185
1853 195
1854 185
1855 174
1856 178
1857 169
1858 182
1859 176
1860 163
1861 195
1862 206
1863 180
1864 198
1865 183
1866 168
1867 180
1868 149
1869 178
1870 154
1871 197
1872 192
1873 176
1874 163
1875 163
1876 146
1877 154
1878 176
1879 176
1880 187
1881 139
1882 148
1883 163
1884 167
1885 161
1886 175
1887 183
1888 156
1889 196
1890 185
1891 143
1892 168
1893 178
1894 153
1895 199
1896 166
1897 172
1898 158
1899 162
1900 206
1901 174
1902 177
1903 187
1904 151
1905 191
1906 163
1907 177
1908 174
1909 172
1910 147
1911 155
1912 180
1913 180
1914 170
1915 164
1916 150
1917 163
1918 214
1919 161
1920 196
1921 165
1922 151
1923 169
1924 185
1925 171
1926 161
1927 176
1928 170
1929 184
1930 153
1931 160
1932 199
1933 174
1934 145
1935 162
1936 162
1937 174
1938 138
1939 167
1940 165
1941 158
1942 159
1943 164
1944 139
1945 182
1946 150
1947 187
1948 155
1949 151
1950 199
1951 165
1952 175
1953 154
1954 160
1955 166
1956 177
1957 166
1958 151
1959 178
1960 170
1961 149
1962 141
1963 156
1964 147
1965 159
1966 183
1967 175
1968 167
1969 149
1970 146
1971 157
1972 142
1973 157
1974 150
1975 171
1976 147
1977 171
1978 161
1979 144
1980 151
1981 158
1982 175
1983 173
1984 169
1985 138
1986 164
1987 166
1988 136
1989 168
1990 164
1991 156
1992 167
1993 161
1994 147
1995 152
1996 155
1997 136
1998 131
1999 140
2000 173
2001 164
2002 128
2003 146
2004 149
2005 168
2006 127
2007 146
2008 150
2009 175
2010 152
2011 130
2012 139
2013 173
2014 138
2015 134
2016 145
2017 163
2018 158
2019 153
2020 149
2021 149
2022 141
2023 155
2024 153
2025 156
2026 145
2027 150
2028 132
2029 167
2030 135
2031 132
2032 152
2033 142
2034 160
2035 149
2036 140
2037 137
2038 150
2039 159
2040 145
2041 158
2042 153
2043 154
2044 141
2045 153
2046 151
2047 152
2048 137
2049 134
2050 134
2051 132
2052 146
2053 133
2054 138
2055 135
2056 147
2057 160
2058 160
2059 147
2060 161
2061 130
2062 120
2063 128
2064 147
2065 150
2066 153
2067 135
2068 137
2069 132
2070 126
2071 145
2072 138
2073 150
2074 141
2075 129
2076 156
2077 146
2078 151
2079 155
2080 132
2081 135
2082 137
2083 152
2084 156
2085 144
2086 149
2087 146
2088 117
2089 145
2090 148
2091 123
2092 150
2093 150
2094 137
2095 143
2096 123
2097 144
2098 151
2099 156
2100 144
2101 144
2102 140
2103 129
2104 139
2105 141
2106 137
2107 144
2108 122
2109 137
2110 136
2111 138
2112 134
2113 133
2114 147
2115 135
2116 130
2117 138
2118 125
2119 125
2120 124
2121 137
2122 141
2123 132
2124 138
2125 124
2126 151
2127 144
2128 117
2129 136
2130 136
2131 128
2132 138
2133 124
2134 132
2135 150
2136 116
2137 139
2138 128
2139 107
2140 135
2141 136
2142 130
2143 121
2144 123
2145 108
2146 140
2147 155
2148 137
2149 134
2150 137
2151 125
2152 147
2153 137
2154 128
2155 120
2156 119
2157 133
2158 128
2159 133
2160 109
2161 124
2162 134
2163 111
2164 128
2165 110
2166 113
2167 128
2168 111
2169 141
2170 125
2171 109
2172 125
2173 126
2174 107
2175 137
2176 116
2177 133
2178 110
2179 120
2180 133
2181 121
2182 132
2183 125
2184 115
2185 137
2186 114
2187 136
2188 96
2189 117
2190 122
2191 137
2192 108
2193 118
2194 124
2195 136
2196 138
2197 146
2198 119
2199 130
2200 133
2201 112
2202 135
2203 115
2204 123
2205 120
2206 136
2207 125
2208 142
2209 124
2210 127
2211 118
2212 105
2213 115
2214 96
2215 108
2216 123
2217 113
2218 128
2219 129
2220 117
2221 141
2222 117
2223 128
2224 102
2225 96
2226 110
2227 110
2228 114
2229 138
2230 131
2231 129
2232 126
2233 113
2234 102
2235 114
2236 98
2237 116
2238 114
2239 135
2240 102
2241 116
2242 112
2243 118
2244 107
2245 121
2246 102
2247 151
2248 109
2249 112
2250 123
2251 107
2252 117
2253 113
2254 123
2255 112
2256 131
2257 108
2258 116
2259 113
2260 133
2261 119
2262 116
2263 113
2264 121
2265 114
2266 117
2267 103
2268 132
2269 108
2270 100
2271 113
2272 113
2273 126
2274 123
2275 117
2276 95
2277 110
2278 107
2279 126
2280 137
2281 114
2282 124
2283 146
2284 112
2285 135
2286 103
2287 115
2288 114
2289 99
2290 107
2291 106
2292 103
2293 107
2294 115
2295 119
2296 97
2297 96
2298 109
2299 132
2300 110
2301 113
2302 101
2303 113
2304 116
2305 111
2306 117
2307 114
2308 106
2309 108
2310 123
2311 107
2312 107
2313 121
2314 100
2315 93
2316 100
2317 107
2318 116
2319 118
2320 91
2321 93
2322 122
2323 117
2324 127
2325 102
2326 112
2327 121
2328 120
2329 104
2330 99
2331 105
2332 107
2333 105
2334 98
2335 97
2336 119
2337 104
2338 115
2339 115
2340 105
2341 115
2342 127
2343 107
2344 101
2345 103
2346 104
2347 89
2348 101
2349 107
2350 116
2351 110
2352 95
2353 80
2354 109
2355 107
2356 106
2357 96
2358 82
2359 80
2360 121
2361 104
2362 89
2363 107
2364 115
2365 99
2366 94
2367 80
2368 86
2369 107
2370 100
2371 113
2372 109
2373 87
2374 90
2375 85
2376 97
2377 105
2378 104
2379 113
2380 116
2381 98
2382 89
2383 85
2384 93
2385 94
2386 97
2387 92
2388 110
2389 94
2390 96
2391 86
2392 98
2393 96
2394 101
2395 106
2396 107
2397 98
2398 96
2399 109
2400 112
2401 111
2402 93
2403 89
2404 100
2405 111
2406 92
2407 100
2408 85
2409 112
2410 87
2411 94
2412 99
2413 86
2414 95
2415 118
2416 105
2417 91
2418 100
2419 102
2420 100
2421 73
2422 92
2423 79
2424 110
2425 78
2426 102
2427 96
2428 79
2429 86
2430 105
2431 88
2432 104
2433 105
2434 102
2435 91
2436 118
2437 107
2438 110
2439 102
2440 83
2441 103
2442 94
2443 87
2444 78
2445 105
2446 91
2447 94
2448 96
2449 111
2450 102
2451 98
2452 102
2453 84
2454 108
2455 87
2456 104
2457 96
2458 102
2459 93
2460 104
2461 94
2462 83
2463 83
2464 80
2465 84
2466 90
2467 88
2468 85
2469 98
2470 95
2471 94
2472 103
2473 83
2474 82
2475 100
2476 76
2477 92
2478 91
2479 108
2480 83
2481 88
2482 100
2483 93
2484 84
2485 87
2486 89
2487 84
2488 90
2489 93
2490 80
2491 99
2492 109
2493 80
2494 106
2495 90
2496 74
2497 92
2498 84
2499 92
2500 92
2501 102
2502 99
2503 74
2504 65
2505 86
2506 97
2507 95
2508 84
2509 97
2510 80
2511 92
2512 80
2513 91
2514 92
2515 86
2516 73
2517 84
2518 82
2519 90
2520 88
2521 81
2522 94
2523 94
2524 92
2525 99
2526 89
2527 83
2528 83
2529 105
2530 90
2531 90
2532 85
2533 80
2534 81
2535 87
2536 93
2537 87
2538 105
2539 91
2540 84
2541 84
2542 78
2543 67
2544 73
2545 88
2546 90
2547 99
2548 79
2549 84
2550 71
2551 92
2552 83
2553 78
2554 75
2555 72
2556 80
2557 82
2558 88
2559 76
2560 81
2561 88
2562 102
2563 70
2564 77
2565 87
2566 85
2567 87
2568 85
2569 73
2570 82
2571 95
2572 87
2573 94
2574 88
2575 90
2576 75
2577 110
2578 87
2579 74
2580 78
2581 91
2582 78
2583 89
2584 80
2585 71
2586 71
2587 101
2588 90
2589 79
2590 90
2591 84
2592 96
2593 92
2594 96
2595 94
2596 75
2597 99
2598 79
2599 74
2600 73
2601 98
2602 87
2603 87
2604 94
2605 74
2606 73
2607 91
2608 81
2609 104
2610 84
2611 77
2612 98
2613 88
2614 87
2615 81
2616 97
2617 90
2618 77
2619 87
2620 80
2621 80
2622 88
2623 93
2624 76
2625 72
2626 76
2627 80
2628 86
2629 74
2630 76
2631 69
2632 95
2633 93
2634 71
2635 87
2636 91
2637 91
2638 79
2639 88
2640 78
2641 79
2642 65
2643 76
2644 89
2645 103
2646 105
2647 89
2648 64
2649 81
2650 91
2651 87
2652 66
2653 84
2654 81
2655 96
2656 67
2657 82
2658 81
2659 75
2660 87
2661 76
2662 73
2663 84
2664 80
2665 79
2666 80
2667 85
2668 82
2669 82
2670 94
2671 86
2672 70
2673 84
2674 66
2675 83
2676 85
2677 73
2678 88
2679 80
2680 61
2681 75
2682 85
2683 89
2684 86
2685 81
2686 86
2687 89
2688 69
2689 69
2690 79
2691 85
2692 76
2693 81
2694 78
2695 73
2696 71
2697 73
2698 78
2699 88
2700 71
2701 78
2702 78
2703 69
2704 61
2705 67
2706 75
2707 89
2708 82
2709 88
2710 62
2711 74
2712 86
2713 85
2714 77
2715 78
2716 82
2717 69
2718 54
2719 70
2720 64
2721 71
2722 76
2723 76
2724 63
2725 76
2726 95
2727 83
2728 75
2729 75
2730 67
2731 76
2732 89
2733 59
2734 89
2735 70
2736 81
2737 74
2738 76
2739 82
2740 67
2741 77
2742 64
2743 92
2744 80
2745 78
2746 60
2747 72
2748 67
2749 70
2750 79
2751 86
2752 73
2753 81
2754 87
2755 88
2756 84
2757 80
2758 78
2759 67
2760 53
2761 78
2762 70
2763 62
2764 69
2765 69
2766 65
2767 73
2768 91
2769 75
2770 65
2771 69
2772 73
2773 81
2774 93
2775 54
2776 63
2777 68
2778 76
2779 95
2780 82
2781 67
2782 74
2783 72
2784 68
2785 77
2786 74
2787 69
2788 71
2789 64
2790 74
2791 66
2792 78
2793 79
2794 56
2795 72
2796 73
2797 46
2798 78
2799 76
2800 79
2801 74
2802 74
2803 71
2804 58
2805 72
2806 57
2807 70
2808 74
2809 93
2810 66
2811 80
2812 75
2813 61
2814 65
2815 77
2816 64
2817 71
2818 64
2819 84
2820 66
2821 80
2822 76
2823 64
2824 71
2825 65
2826 68
2827 69
2828 63
2829 62
2830 70
2831 74
2832 82
2833 67
2834 73
2835 64
2836 80
2837 69
2838 66
2839 58
2840 69
2841 61
2842 90
2843 75
2844 72
2845 81
2846 69
2847 61
2848 67
2849 56
2850 70
2851 67
2852 75
2853 82
2854 75
2855 62
2856 71
2857 61
2858 64
2859 76
2860 72
2861 63
2862 58
2863 85
2864 78
2865 61
2866 62
2867 61
2868 79
2869 66
2870 80
2871 70
2872 62
2873 64
2874 63
2875 57
2876 61
2877 65
2878 81
2879 65
2880 63
2881 75
2882 75
2883 61
2884 76
2885 69
2886 69
2887 83
2888 61
2889 61
2890 70
2891 64
2892 63
2893 68
2894 81
2895 64
2896 56
2897 73
2898 60
2899 49
2900 77
2901 68
2902 78
2903 62
2904 79
2905 66
2906 49
2907 63
2908 68
2909 61
2910 79
2911 68
2912 66
2913 70
2914 82
2915 51
2916 74
2917 64
2918 55
2919 75
2920 70
2921 68
2922 63
2923 66
2924 78
2925 60
2926 61
2927 73
2928 73
2929 48
2930 67
2931 71
2932 54
2933 70
2934 52
2935 68
2936 52
2937 66
2938 62
2939 76
2940 69
2941 61
2942 70
2943 64
2944 55
2945 58
2946 61
2947 64
2948 63
2949 72
2950 67
2951 65
2952 61
2953 66
2954 60
2955 57
2956 47
2957 73
2958 60
2959 64
2960 61
2961 74
2962 65
2963 68
2964 68
2965 69
2966 64
2967 71
2968 60
2969 65
2970 65
2971 63
2972 65
2973 69
2974 67
2975 91
2976 60
2977 69
2978 63
2979 75
2980 65
2981 51
2982 74
2983 62
2984 65
2985 75
2986 67
2987 61
2988 67
2989 55
2990 68
2991 71
2992 55
2993 65
2994 60
2995 60
2996 63
2997 57
2998 70
2999 73
3000 58
3001 57
3002 58
3003 60
3004 56
3005 55
3006 59
3007 61
3008 66
3009 48
3010 75
3011 59
3012 73
3013 59
3014 86
3015 65
3016 53
3017 56
3018 57
3019 52
3020 76
3021 74
3022 47
3023 59
3024 64
3025 64
3026 65
3027 59
3028 70
3029 49
3030 61
3031 65
3032 63
3033 64
3034 60
3035 58
3036 61
3037 72
3038 67
3039 51
3040 59
3041 54
3042 59
3043 61
3044 50
3045 53
3046 58
3047 56
3048 60
3049 46
3050 67
3051 62
3052 61
3053 67
3054 50
3055 52
3056 68
3057 47
3058 52
3059 64
3060 59
3061 62
3062 68
3063 55
3064 53
3065 50
3066 50
3067 61
3068 76
3069 50
3070 47
3071 58
3072 56
3073 63
3074 56
3075 58
3076 65
3077 61
3078 62
3079 57
3080 66
3081 67
3082 44
3083 60
3084 52
3085 64
3086 67
3087 57
3088 74
3089 63
3090 40
3091 63
3092 46
3093 50
3094 72
3095 49
3096 47
3097 55
3098 64
3099 57
3100 57
3101 58
3102 67
3103 65
3104 56
3105 65
3106 49
3107 56
3108 47
3109 50
3110 51
3111 52
3112 50
3113 45
3114 71
3115 53
3116 53
3117 55
3118 57
3119 50
3120 54
3121 41
3122 61
3123 52
3124 39
3125 39
3126 56
3127 59
3128 67
3129 58
3130 55
3131 68
3132 43
3133 56
3134 57
3135 60
3136 48
3137 50
3138 49
3139 60
3140 51
3141 57
3142 65
3143 51
3144 50
3145 56
3146 63
3147 68
3148 62
3149 47
3150 72
3151 57
3152 54
3153 56
3154 50
3155 43
3156 51
3157 58
3158 49
3159 55
3160 44
3161 49
3162 61
3163 46
3164 36
3165 44
3166 67
3167 61
3168 50
3169 37
3170 52
3171 43
3172 38
3173 38
3174 63
3175 52
3176 63
3177 53
3178 51
3179 50
3180 57
3181 46
3182 46
3183 55
3184 49
3185 46
3186 42
3187 56
3188 49
3189 59
3190 50
3191 33
3192 49
3193 45
3194 48
3195 50
3196 62
3197 48
3198 42
3199 47
3200 49
3201 47
3202 66
3203 59
3204 56
3205 68
3206 48
3207 54
3208 50
3209 51
3210 52
3211 52
3212 49
3213 46
3214 46
3215 63
3216 45
3217 61
3218 52
3219 45
3220 52
3221 55
3222 53
3223 45
3224 54
3225 46
3226 62
3227 61
3228 55
3229 52
3230 53
3231 57
3232 56
3233 52
3234 48
3235 49
3236 54
3237 57
3238 46
3239 43
3240 54
3241 54
3242 49
3243 59
3244 59
3245 54
3246 46
3247 46
3248 46
3249 58
3250 50
3251 48
3252 55
3253 56
3254 47
3255 43
3256 55
3257 55
3258 51
3259 58
3260 52
3261 62
3262 52
3263 56
3264 58
3265 49
3266 57
3267 55
3268 49
3269 59
3270 48
3271 59
3272 53
3273 55
3274 48
3275 37
3276 42
3277 54
3278 46
3279 50
3280 48
3281 40
3282 47
3283 52
3284 39
3285 59
3286 50
3287 41
3288 50
3289 42
3290 40
3291 64
3292 53
3293 54
3294 46
3295 43
3296 57
3297 48
3298 47
3299 57
3300 49
3301 50
3302 46
3303 46
3304 41
3305 42
3306 52
3307 54
3308 53
3309 53
3310 50
3311 47
3312 48
3313 52
3314 45
3315 61
3316 52
3317 48
3318 42
3319 46
3320 52
3321 34
3322 59
3323 40
3324 42
3325 54
3326 48
3327 53
3328 47
3329 64
3330 39
3331 34
3332 61
3333 40
3334 45
3335 47
3336 50
3337 54
3338 54
3339 44
3340 38
3341 49
3342 39
3343 59
3344 46
3345 48
3346 38
3347 39
3348 51
3349 40
3350 41
3351 45
3352 52
3353 35
3354 42
3355 41
3356 46
3357 50
3358 52
3359 46
3360 39
3361 39
3362 39
3363 34
3364 47
3365 46
3366 49
3367 57
3368 36
3369 40
3370 50
3371 37
3372 54
3373 41
3374 57
3375 42
3376 41
3377 49
3378 45
3379 40
3380 37
3381 49
3382 49
3383 55
3384 36
3385 54
3386 46
3387 41
3388 52
3389 47
3390 42
3391 45
3392 54
3393 44
3394 41
3395 49
3396 45
3397 55
3398 61
3399 46
3400 43
3401 52
3402 40
3403 41
3404 50
3405 36
3406 38
3407 46
3408 49
3409 39
3410 44
3411 46
3412 31
3413 36
3414 38
3415 33
3416 50
3417 48
3418 56
3419 44
3420 59
3421 37
3422 35
3423 41
3424 46
3425 50
3426 46
3427 44
3428 36
3429 44
3430 50
3431 52
3432 52
3433 49
3434 43
3435 42
3436 40
3437 55
3438 48
3439 52
3440 41
3441 57
3442 47
3443 43
3444 58
3445 54
3446 45
3447 36
3448 36
3449 45
3450 50
3451 35
3452 47
3453 50
3454 44
3455 46
3456 39
3457 34
3458 37
3459 50
3460 45
3461 50
3462 60
3463 43
3464 47
3465 42
3466 35
3467 44
3468 44
3469 36
3470 64
3471 44
3472 39
3473 50
3474 41
3475 42
3476 39
3477 52
3478 51
3479 50
3480 36
3481 30
3482 48
3483 47
3484 53
3485 57
3486 47
3487 50
3488 39
3489 39
3490 47
3491 48
3492 50
3493 47
3494 41
3495 38
3496 47
3497 31
3498 51
3499 41
3500 44
3501 40
3502 47
3503 36
3504 47
3505 49
3506 41
3507 38
3508 48
3509 38
3510 49
3511 33
3512 39
3513 50
3514 42
3515 41
3516 39
3517 50
3518 47
3519 45
3520 39
3521 32
3522 38
3523 44
3524 38
3525 45
3526 39
3527 33
3528 47
3529 48
3530 42
3531 50
3532 37
3533 44
3534 38
3535 39
3536 39
3537 53
3538 34
3539 33
3540 33
3541 49
3542 33
3543 34
3544 34
3545 46
3546 38
3547 43
3548 39
3549 39
3550 46
3551 42
3552 40
3553 36
3554 41
3555 43
3556 38
3557 48
3558 40
3559 33
3560 39
3561 46
3562 53
3563 41
3564 35
3565 40
3566 34
3567 38
3568 49
3569 47
3570 40
3571 42
3572 49
3573 39
3574 37
3575 45
3576 40
3577 45
3578 44
3579 43
3580 45
3581 42
3582 45
3583 40
3584 45
3585 42
3586 42
3587 41
3588 39
3589 31
3590 51
3591 46
3592 50
3593 39
3594 44
3595 47
3596 38
3597 34
3598 38
3599 39
3600 44
3601 30
3602 32
3603 35
3604 40
3605 42
3606 43
3607 48
3608 41
3609 37
3610 47
3611 51
3612 36
3613 39
3614 49
3615 41
3616 39
3617 35
3618 42
3619 42
3620 48
3621 39
3622 40
3623 45
3624 43
3625 35
3626 33
3627 27
3628 41
3629 39
3630 45
3631 41
3632 31
3633 46
3634 37
3635 56
3636 35
3637 40
3638 39
3639 52
3640 42
3641 47
3642 34
3643 43
3644 45
3645 39
3646 27
3647 39
3648 32
3649 42
3650 36
3651 47
3652 35
3653 40
3654 43
3655 42
3656 52
3657 32
3658 30
3659 44
3660 40
3661 49
3662 46
3663 40
3664 40
3665 25
3666 34
3667 35
3668 45
3669 36
3670 38
3671 39
3672 32
3673 36
3674 37
3675 41
3676 32
3677 32
3678 32
3679 43
3680 38
3681 44
3682 40
3683 36
3684 42
3685 48
3686 31
3687 49
3688 41
3689 33
3690 21
3691 30
3692 46
3693 35
3694 42
3695 34
3696 35
3697 34
3698 37
3699 40
3700 37
3701 32
3702 36
3703 45
3704 40
3705 47
3706 45
3707 33
3708 47
3709 40
3710 41
3711 45
3712 38
3713 42
3714 37
3715 48
3716 36
3717 40
3718 44
3719 43
3720 37
3721 40
3722 40
3723 42
3724 27
3725 34
3726 37
3727 35
3728 47
3729 31
3730 29
3731 35
3732 42
3733 28
3734 37
3735 46
3736 32
3737 31
3738 30
3739 31
3740 40
3741 40
3742 36
3743 52
3744 30
3745 33
3746 36
3747 45
3748 44
3749 46
3750 40
3751 31
3752 37
3753 31
3754 33
3755 34
3756 43
3757 30
3758 45
3759 25
3760 42
3761 39
3762 35
3763 21
3764 45
3765 50
3766 38
3767 38
3768 33
3769 40
3770 34
3771 40
3772 37
3773 48
3774 29
3775 43
3776 37
3777 43
3778 34
3779 41
3780 35
3781 38
3782 32
3783 30
3784 33
3785 30
3786 32
3787 49
3788 32
3789 42
3790 38
3791 43
3792 26
3793 21
3794 29
3795 29
3796 31
3797 34
3798 30
3799 38
3800 35
3801 31
3802 43
3803 33
3804 39
3805 39
3806 39
3807 30
3808 34
3809 37
3810 45
3811 39
3812 34
3813 24
3814 25
3815 26
3816 37
3817 27
3818 34
3819 26
3820 38
3821 33
3822 37
3823 29
3824 28
3825 37
3826 37
3827 28
3828 34
3829 41
3830 30
3831 33
3832 40
3833 38
3834 27
3835 38
3836 32
3837 37
3838 32
3839 36
3840 30
3841 33
3842 20
3843 37
3844 37
3845 44
3846 29
3847 34
3848 31
3849 27
3850 32
3851 29
3852 44
3853 35
3854 25
3855 35
3856 28
3857 27
3858 37
3859 35
3860 33
3861 24
3862 32
3863 31
3864 26
3865 40
3866 41
3867 27
3868 32
3869 33
3870 30
3871 37
3872 27
3873 44
3874 39
3875 23
3876 35
3877 29
3878 31
3879 31
3880 24
3881 32
3882 17
3883 31
3884 31
3885 27
3886 34
3887 35
3888 40
3889 33
3890 28
3891 37
3892 39
3893 35
3894 44
3895 34
3896 36
3897 29
3898 27
3899 24
3900 35
3901 41
3902 27
3903 31
3904 30
3905 22
3906 33
3907 35
3908 35
3909 30
3910 42
3911 42
3912 32
3913 29
3914 39
3915 35
3916 38
3917 30
3918 35
3919 40
3920 40
3921 34
3922 34
3923 30
3924 35
3925 30
3926 21
3927 41
3928 26
3929 35
3930 21
3931 31
3932 37
3933 35
3934 30
3935 32
3936 32
3937 28
3938 26
3939 25
3940 42
3941 27
3942 32
3943 38
3944 33
3945 31
3946 40
3947 31
3948 30
3949 29
3950 33
3951 35
3952 36
3953 40
3954 34
3955 21
3956 37
3957 31
3958 40
3959 25
3960 32
3961 32
3962 37
3963 33
3964 32
3965 23
3966 29
3967 25
3968 14
3969 44
3970 27
3971 24
3972 33
3973 36
3974 37
3975 33
3976 28
3977 29
3978 30
3979 29
3980 36
3981 26
3982 19
3983 23
3984 34
3985 26
3986 34
3987 41
3988 26
3989 25
3990 31
3991 32
3992 34
3993 27
3994 31
3995 24
3996 26
3997 24
3998 37
3999 29
4000 33
4001 34
4002 20
4003 25
4004 27
4005 29
4006 22
4007 33
4008 34
4009 33
4010 34
4011 35
4012 30
4013 32
4014 28
4015 33
4016 33
4017 28
4018 27
4019 20
4020 26
4021 19
4022 32
4023 33
4024 30
4025 47
4026 32
4027 19
4028 28
4029 25
4030 36
4031 29
4032 26
4033 27
4034 27
4035 35
4036 33
4037 32
4038 30
4039 28
4040 31
4041 35
4042 29
4043 46
4044 27
4045 33
4046 34
4047 30
4048 27
4049 21
4050 29
4051 22
4052 26
4053 33
4054 18
4055 30
4056 32
4057 37
4058 42
4059 23
4060 31
4061 29
4062 34
4063 32
4064 34
4065 31
4066 33
4067 35
4068 34
4069 29
4070 23
4071 33
4072 25
4073 28
4074 29
4075 15
4076 26
4077 37
4078 29
4079 28
4080 23
4081 24
4082 30
4083 22
4084 36
4085 34
4086 17
4087 24
4088 32
4089 33
4090 27
4091 27
4092 26
4093 32
4094 25
4095 26
4096 30
4097 26
4098 34
4099 31
4100 34
4101 16
4102 34
4103 27
4104 27
4105 27
4106 24
4107 38
4108 25
4109 20
4110 33
4111 31
4112 27
4113 29
4114 26
4115 22
4116 25
4117 23
4118 37
4119 30
4120 29
4121 33
4122 29
4123 26
4124 27
4125 36
4126 36
4127 23
4128 17
4129 23
4130 39
4131 32
4132 30
4133 21
4134 28
4135 29
4136 30
4137 24
4138 19
4139 32
4140 39
4141 21
4142 29
4143 26
4144 28
4145 35
4146 22
4147 23
4148 21
4149 31
4150 33
4151 27
4152 22
4153 28
4154 27
4155 28
4156 26
4157 24
4158 25
4159 34
4160 29
4161 24
4162 30
4163 41
4164 30
4165 22
4166 38
4167 29
4168 25
4169 34
4170 27
4171 30
4172 29
4173 38
4174 22
4175 32
4176 25
4177 30
4178 28
4179 29
4180 38
4181 20
4182 33
4183 32
4184 21
4185 27
4186 29
4187 29
4188 26
4189 25
4190 23
4191 28
4192 23
4193 32
4194 15
4195 26
4196 39
4197 20
4198 30
4199 31
4200 20
4201 30
4202 24
4203 24
4204 33
4205 25
4206 28
4207 26
4208 31
4209 38
4210 34
4211 19
4212 18
4213 31
4214 24
4215 35
4216 24
4217 23
4218 25
4219 31
4220 21
4221 32
4222 25
4223 25
4224 33
4225 28
4226 33
4227 24
4228 28
4229 27
4230 29
4231 24
4232 25
4233 31
4234 30
4235 26
4236 21
4237 23
4238 40
4239 18
4240 20
4241 33
4242 23
4243 25
4244 19
4245 28
4246 29
4247 29
4248 20
4249 31
4250 22
4251 34
4252 29
4253 36
4254 19
4255 27
4256 32
4257 33
4258 28
4259 28
4260 31
4261 31
4262 29
4263 22
4264 25
4265 27
4266 31
4267 36
4268 21
4269 25
4270 18
4271 14
4272 28
4273 28
4274 25
4275 21
4276 30
4277 37
4278 33
4279 30
4280 25
4281 27
4282 24
4283 35
4284 17
4285 19
4286 29
4287 29
4288 36
4289 32
4290 30
4291 29
4292 19
4293 30
4294 29
4295 37
4296 34
4297 28
4298 20
4299 27
4300 28
4301 32
4302 27
4303 29
4304 24
4305 25
4306 28
4307 21
4308 29
4309 34
4310 31
4311 28
4312 25
4313 27
4314 21
4315 23
4316 24
4317 22
4318 19
4319 24
4320 24
4321 20
4322 34
4323 24
4324 29
4325 23
4326 24
4327 20
4328 20
4329 26
4330 21
4331 19
4332 29
4333 27
4334 28
4335 26
4336 29
4337 32
4338 24
4339 27
4340 23
4341 24
4342 31
4343 28
4344 23
4345 23
4346 30
4347 13
4348 26
4349 28
4350 17
4351 20
4352 21
4353 20
4354 19
4355 24
4356 21
4357 21
4358 25
4359 29
4360 26
4361 24
4362 24
4363 28
4364 26
4365 33
4366 27
4367 36
4368 23
4369 25
4370 30
4371 27
4372 20
4373 22
4374 22
4375 21
4376 22
4377 29
4378 35
4379 27
4380 28
4381 24
4382 24
4383 24
4384 20
4385 29
4386 21
4387 22
4388 30
4389 24
4390 33
4391 26
4392 25
4393 19
4394 19
4395 23
4396 23
4397 25
4398 25
4399 26
4400 27
4401 22
4402 27
4403 24
4404 21
4405 22
4406 18
4407 26
4408 28
4409 24
4410 22
4411 18
4412 27
4413 24
4414 23
4415 27
4416 18
4417 22
4418 21
4419 23
4420 32
4421 37
4422 20
4423 21
4424 22
4425 24
4426 17
4427 24
4428 24
4429 19
4430 34
4431 30
4432 21
4433 22
4434 28
4435 26
4436 24
4437 21
4438 28
4439 27
4440 20
4441 18
4442 18
4443 26
4444 27
4445 22
4446 21
4447 24
4448 23
4449 21
4450 34
4451 25
4452 22
4453 17
4454 24
4455 26
4456 13
4457 19
4458 25
4459 21
4460 22
4461 13
4462 26
4463 23
4464 19
4465 38
4466 21
4467 27
4468 27
4469 22
4470 36
4471 21
4472 32
4473 21
4474 14
4475 20
4476 33
4477 24
4478 25
4479 22
4480 21
4481 23
4482 28
4483 27
4484 25
4485 40
4486 27
4487 31
4488 23
4489 27
4490 28
4491 25
4492 33
4493 21
4494 23
4495 19
4496 24
4497 26
4498 17
4499 22
4500 14
4501 21
4502 33
4503 25
4504 19
4505 17
4506 21
4507 19
4508 19
4509 20
4510 23
4511 32
4512 33
4513 20
4514 24
4515 22
4516 32
4517 21
4518 28
4519 22
4520 23
4521 24
4522 19
4523 20
4524 23
4525 22
4526 28
4527 18
4528 28
4529 25
4530 23
4531 31
4532 21
4533 12
4534 16
4535 20
4536 28
4537 23
4538 19
4539 19
4540 17
4541 18
4542 25
4543 17
4544 29
4545 24
4546 25
4547 23
4548 20
4549 24
4550 23
4551 18
4552 23
4553 26
4554 27
4555 25
4556 18
4557 14
4558 22
4559 21
4560 18
4561 27
4562 15
4563 24
4564 27
4565 23
4566 12
4567 22
4568 28
4569 22
4570 14
4571 20
4572 22
4573 20
4574 18
4575 22
4576 25
4577 32
4578 28
4579 21
4580 17
4581 14
4582 18
4583 18
4584 20
4585 24
4586 19
4587 19
4588 15
4589 15
4590 22
4591 20
4592 15
4593 19
4594 23
4595 15
4596 20
4597 24
4598 20
4599 21
4600 19
4601 15
4602 17
4603 26
4604 24
4605 15
4606 26
4607 25
4608 24
4609 20
4610 12
4611 23
4612 21
4613 15
4614 23
4615 20
4616 20
4617 19
4618 25
4619 31
4620 27
4621 25
4622 24
4623 20
4624 19
4625 20
4626 19
4627 24
4628 24
4629 17
4630 17
4631 20
4632 18
4633 23
4634 20
4635 18
4636 22
4637 21
4638 18
4639 20
4640 21
4641 19
4642 22
4643 19
4644 24
4645 20
4646 21
4647 19
4648 26
4649 23
4650 16
4651 19
4652 11
4653 14
4654 15
4655 17
4656 21
4657 17
4658 28
4659 25
4660 17
4661 16
4662 23
4663 20
4664 15
4665 28
4666 19
4667 25
4668 21
4669 27
4670 23
4671 26
4672 8
4673 18
4674 21
4675 32
4676 11
4677 28
4678 23
4679 20
4680 18
4681 18
4682 28
4683 22
4684 26
4685 29
4686 24
4687 24
4688 20
4689 21
4690 22
4691 25
4692 19
4693 24
4694 17
4695 21
4696 22
4697 14
4698 23
4699 21
4700 18
4701 16
4702 26
4703 21
4704 21
4705 16
4706 20
4707 24
4708 24
4709 15
4710 15
4711 18
4712 11
4713 18
4714 17
4715 20
4716 18
4717 19
4718 30
4719 21
4720 12
4721 22
4722 22
4723 12
4724 25
4725 21
4726 27
4727 16
4728 21
4729 28
4730 16
4731 21
4732 25
4733 17
4734 19
4735 18
4736 15
4737 16
4738 21
4739 17
4740 19
4741 16
4742 24
4743 21
4744 26
4745 19
4746 19
4747 16
4748 16
4749 10
4750 23
4751 10
4752 12
4753 21
4754 15
4755 23
4756 19
4757 19
4758 16
4759 15
4760 19
4761 22
4762 22
4763 25
4764 21
4765 11
4766 22
4767 16
4768 26
4769 20
4770 18
4771 17
4772 12
4773 25
4774 22
4775 18
4776 20
4777 15
4778 20
4779 16
4780 18
4781 17
4782 26
4783 18
4784 15
4785 11
4786 18
4787 36
4788 19
4789 16
4790 19
4791 23
4792 19
4793 16
4794 27
4795 13
4796 16
4797 13
4798 20
4799 26
4800 16
4801 16
4802 24
4803 23
4804 24
4805 24
4806 20
4807 16
4808 30
4809 21
4810 18
4811 22
4812 23
4813 21
4814 19
4815 21
4816 14
4817 27
4818 23
4819 22
4820 18
4821 33
4822 20
4823 17
4824 23
4825 14
4826 21
4827 14
4828 19
4829 19
4830 16
4831 27
4832 26
4833 28
4834 18
4835 21
4836 18
4837 25
4838 15
4839 15
4840 22
4841 23
4842 16
4843 16
4844 23
4845 14
4846 9
4847 21
4848 25
4849 25
4850 21
4851 15
4852 18
4853 18
4854 16
4855 9
4856 22
4857 20
4858 27
4859 24
4860 14
4861 17
4862 28
4863 20
4864 17
4865 10
4866 28
4867 14
4868 19
4869 26
4870 19
4871 18
4872 18
4873 18
4874 14
4875 26
4876 14
4877 17
4878 15
4879 22
4880 12
4881 26
4882 19
4883 20
4884 22
4885 17
4886 18
4887 22
4888 19
4889 15
4890 20
4891 23
4892 20
4893 28
4894 17
4895 23
4896 16
4897 18
4898 16
4899 26
4900 25
4901 14
4902 27
4903 23
4904 14
4905 20
4906 15
4907 15
4908 16
4909 20
4910 18
4911 12
4912 17
4913 15
4914 15
4915 24
4916 8
4917 21
4918 13
4919 17
4920 14
4921 19
4922 24
4923 14
4924 17
4925 15
4926 20
4927 18
4928 24
4929 18
4930 13
4931 18
4932 16
4933 14
4934 14
4935 19
4936 12
4937 15
4938 19
4939 16
4940 24
4941 12
4942 11
4943 22
4944 17
4945 22
4946 21
4947 29
4948 18
4949 25
4950 15
4951 22
4952 10
4953 14
4954 18
4955 15
4956 22
4957 14
4958 15
4959 14
4960 16
4961 14
4962 19
4963 14
4964 7
4965 19
4966 14
4967 17
4968 19
4969 19
4970 19
4971 19
4972 21
4973 18
4974 22
4975 23
4976 13
4977 19
4978 17
4979 19
4980 14
4981 25
4982 20
4983 21
4984 21
4985 27
4986 21
4987 25
4988 23
4989 23
4990 23
4991 22
4992 11
4993 17
4994 26
4995 15
4996 12
4997 20
4998 12
4999 27
5000 17
5001 18
5002 19
5003 10
5004 22
5005 19
5006 22
5007 19
5008 19
5009 22
5010 19
5011 16
5012 19
5013 19
5014 22
5015 20
5016 14
5017 15
5018 17
5019 13
5020 17
5021 13
5022 13
5023 19
5024 18
5025 16
5026 18
5027 14
5028 14
5029 17
5030 15
5031 20
5032 25
5033 15
5034 23
5035 23
5036 29
5037 18
5038 15
5039 18
5040 20
5041 22
5042 20
5043 12
5044 18
5045 22
5046 18
5047 25
5048 16
5049 18
5050 25
5051 27
5052 20
5053 23
5054 10
5055 23
5056 10
5057 14
5058 13
5059 18
5060 26
5061 18
5062 13
5063 21
5064 16
5065 16
5066 26
5067 17
5068 18
5069 19
5070 15
5071 16
5072 15
5073 15
5074 18
5075 13
5076 18
5077 12
5078 16
5079 20
5080 18
5081 9
5082 21
5083 15
5084 16
5085 19
5086 17
5087 14
5088 18
5089 13
5090 21
5091 22
5092 14
5093 22
5094 22
5095 24
5096 17
5097 21
5098 15
5099 14
5100 16
5101 18
5102 19
5103 17
5104 18
5105 15
5106 14
5107 10
5108 19
5109 29
5110 22
5111 18
5112 21
5113 21
5114 13
5115 21
5116 23
5117 15
5118 15
5119 16
5120 13
5121 34
5122 13
5123 18
5124 18
5125 25
5126 22
5127 21
5128 12
5129 21
5130 21
5131 21
5132 16
5133 23
5134 11
5135 20
5136 17
5137 19
5138 22
5139 12
5140 21
5141 14
5142 17
5143 19
5144 18
5145 17
5146 19
5147 15
5148 17
5149 14
5150 18
5151 21
5152 18
5153 15
5154 19
5155 14
5156 21
5157 21
5158 18
5159 19
5160 10
5161 20
5162 11
5163 18
5164 11
5165 17
5166 19
5167 19
5168 20
5169 15
5170 23
5171 17
5172 20
5173 14
5174 23
5175 22
5176 20
5177 22
5178 19
5179 21
5180 18
5181 17
5182 15
5183 14
5184 18
5185 13
5186 17
5187 24
5188 18
5189 16
5190 9
5191 24
5192 16
5193 12
5194 19
5195 21
5196 13
5197 14
5198 15
5199 15
5200 19
5201 17
5202 14
5203 18
5204 14
5205 14
5206 15
5207 22
5208 20
5209 22
5210 16
5211 15
5212 29
5213 15
5214 20
5215 9
5216 20
5217 14
5218 18
5219 13
5220 15
5221 17
5222 17
5223 16
5224 21
5225 10
5226 17
5227 15
5228 12
5229 14
5230 18
5231 19
5232 20
5233 13
5234 15
5235 23
5236 25
5237 19
5238 22
5239 22
5240 12
5241 20
5242 15
5243 16
5244 14
5245 17
5246 25
5247 12
5248 19
5249 23
5250 16
5251 11
5252 17
5253 20
5254 19
5255 25
5256 22
5257 18
5258 17
5259 19
5260 18
5261 16
5262 18
5263 16
5264 15
5265 12
5266 16
5267 14
5268 14
5269 22
5270 23
5271 27
5272 20
5273 15
5274 21
5275 11
5276 14
5277 17
5278 20
5279 19
5280 21
5281 18
5282 18
5283 20
5284 17
5285 15
5286 8
5287 19
5288 18
5289 14
5290 23
5291 18
5292 14
5293 7
5294 26
5295 21
5296 15
5297 12
5298 20
5299 20
5300 13
5301 17
5302 11
5303 16
5304 13
5305 12
5306 10
5307 12
5308 15
5309 22
5310 18
5311 18
5312 19
5313 21
5314 19
5315 16
5316 11
5317 15
5318 19
5319 18
5320 11
5321 17
5322 22
5323 22
5324 15
5325 14
5326 11
5327 15
5328 20
5329 17
5330 18
5331 14
5332 16
5333 23
5334 22
5335 14
5336 19
5337 30
5338 19
5339 19
5340 17
5341 18
5342 13
5343 19
5344 21
5345 11
5346 20
5347 13
5348 23
5349 17
5350 16
5351 13
5352 23
5353 21
5354 14
5355 8
5356 20
5357 14
5358 17
5359 13
5360 16
5361 16
5362 14
5363 17
5364 12
5365 25
5366 6
5367 18
5368 15
5369 17
5370 14
5371 12
5372 13
5373 17
5374 12
5375 18
5376 19
5377 15
5378 13
5379 19
5380 16
5381 16
5382 15
5383 13
5384 15
5385 12
5386 13
5387 20
5388 19
5389 11
5390 14
5391 18
5392 14
5393 17
5394 17
5395 11
5396 11
5397 14
5398 13
5399 15
5400 19
5401 13
5402 10
5403 16
5404 17
5405 17
5406 16
5407 16
5408 14
5409 15
5410 17
5411 18
5412 11
5413 10
5414 16
5415 16
5416 13
5417 13
5418 16
5419 18
5420 16
5421 17
5422 10
5423 15
5424 11
5425 13
5426 17
5427 21
5428 12
5429 13
5430 10
5431 12
5432 19
5433 17
5434 20
5435 20
5436 21
5437 16
5438 13
5439 15
5440 12
5441 24
5442 10
5443 15
5444 16
5445 10
5446 20
5447 18
5448 15
5449 17
5450 16
5451 14
5452 20
5453 23
5454 18
5455 14
5456 10
5457 11
5458 16
5459 12
5460 12
5461 22
5462 15
5463 12
5464 15
5465 15
5466 11
5467 14
5468 17
5469 9
5470 26
5471 13
5472 20
5473 10
5474 15
5475 8
5476 13
5477 11
5478 10
5479 15
5480 22
5481 19
5482 22
5483 15
5484 15
5485 13
5486 16
5487 20
5488 20
5489 13
5490 21
5491 17
5492 14
5493 13
5494 14
5495 18
5496 17
5497 14
5498 14
5499 12
5500 18
5501 17
5502 17
5503 18
5504 15
5505 16
5506 17
5507 16
5508 12
5509 17
5510 11
5511 21
5512 15
5513 11
5514 19
5515 17
5516 12
5517 16
5518 16
5519 11
5520 17
5521 22
5522 14
5523 12
5524 18
5525 18
5526 15
5527 17
5528 14
5529 23
5530 12
5531 14
5532 18
5533 20
5534 18
5535 21
5536 13
5537 9
5538 17
5539 13
5540 10
5541 14
5542 11
5543 15
5544 13
5545 16
5546 14
5547 8
5548 14
5549 20
5550 14
5551 15
5552 16
5553 24
5554 8
5555 8
5556 10
5557 11
5558 19
5559 16
5560 15
5561 12
5562 17
5563 16
5564 9
5565 14
5566 21
5567 25
5568 11
5569 15
5570 14
5571 12
5572 16
5573 10
5574 11
5575 15
5576 14
5577 16
5578 16
5579 17
5580 17
5581 21
5582 9
5583 10
5584 16
5585 17
5586 18
5587 14
5588 12
5589 15
5590 9
5591 13
5592 13
5593 21
5594 14
5595 14
5596 15
5597 11
5598 13
5599 14
5600 10
5601 14
5602 11
5603 15
5604 8
5605 7
5606 11
5607 12
5608 14
5609 7
5610 14
5611 13
5612 20
5613 16
5614 18
5615 9
5616 8
5617 15
5618 11
5619 16
5620 16
5621 16
5622 16
5623 14
5624 16
5625 15
5626 10
5627 11
5628 6
5629 16
5630 10
5631 13
5632 14
5633 9
5634 6
5635 13
5636 12
5637 11
5638 19
5639 11
5640 16
5641 15
5642 7
5643 8
5644 16
5645 6
5646 11
5647 14
5648 15
5649 14
5650 11
5651 16
5652 13
5653 16
5654 15
5655 19
5656 25
5657 14
5658 9
5659 14
5660 18
5661 16
5662 18
5663 10
5664 10
5665 15
5666 6
5667 15
5668 26
5669 14
5670 15
5671 15
5672 16
5673 16
5674 11
5675 7
5676 13
5677 13
5678 13
5679 13
5680 16
5681 15
5682 9
5683 17
5684 11
5685 18
5686 13
5687 15
5688 21
5689 17
5690 8
5691 19
5692 13
5693 13
5694 7
5695 17
5696 15
5697 14
5698 8
5699 16
5700 13
5701 15
5702 13
5703 12
5704 11
5705 11
5706 12
5707 12
5708 12
5709 18
5710 14
5711 18
5712 18
5713 13
5714 16
5715 17
5716 9
5717 13
5718 10
5719 8
5720 13
5721 15
5722 9
5723 18
5724 17
5725 8
5726 10
5727 7
5728 15
5729 15
5730 12
5731 22
5732 8
5733 20
5734 17
5735 16
5736 14
5737 16
5738 12
5739 12
5740 13
5741 12
5742 17
5743 14
5744 19
5745 15
5746 16
5747 10
5748 20
5749 13
5750 14
5751 22
5752 6
5753 13
5754 8
5755 13
5756 13
5757 16
5758 16
5759 15
5760 10
5761 22
5762 15
5763 14
5764 14
5765 13
5766 15
5767 16
5768 16
5769 20
5770 20
5771 15
5772 16
5773 19
5774 13
5775 21
5776 14
5777 18
5778 13
5779 13
5780 16
5781 16
5782 9
5783 13
5784 18
5785 27
5786 15
5787 15
5788 14
5789 12
5790 18
5791 17
5792 11
5793 20
5794 21
5795 15
5796 8
5797 7
5798 20
5799 14
5800 12
5801 10
5802 18
5803 12
5804 23
5805 18
5806 13
5807 17
5808 11
5809 9
5810 19
5811 13
5812 22
5813 13
5814 15
5815 5
5816 14
5817 13
5818 12
5819 12
5820 8
5821 13
5822 14
5823 16
5824 14
5825 13
5826 15
5827 16
5828 17
5829 18
5830 9
5831 9
5832 7
5833 13
5834 16
5835 8
5836 12
5837 14
5838 12
5839 13
5840 12
5841 16
5842 17
5843 5
5844 11
5845 10
5846 20
5847 12
5848 14
5849 8
5850 12
5851 15
5852 10
5853 14
5854 19
5855 13
5856 15
5857 12
5858 11
5859 14
5860 14
5861 9
5862 18
5863 11
5864 8
5865 15
5866 16
5867 13
5868 16
5869 15
5870 17
5871 13
5872 14
5873 14
5874 15
5875 14
5876 18
5877 11
5878 17
5879 14
5880 14
5881 13
5882 20
5883 13
5884 14
5885 17
5886 14
5887 14
5888 11
5889 16
5890 10
5891 18
5892 15
5893 13
5894 13
5895 17
5896 9
5897 17
5898 12
5899 12
5900 17
5901 16
5902 18
5903 15
5904 13
5905 15
5906 12
5907 21
5908 11
5909 10
5910 17
5911 13
5912 19
5913 10
5914 15
5915 10
5916 20
5917 12
5918 12
5919 12
5920 16
5921 10
5922 12
5923 17
5924 17
5925 12
5926 9
5927 12
5928 12
5929 17
5930 18
5931 18
5932 12
5933 12
5934 18
5935 17
5936 17
5937 10
5938 13
5939 10
5940 12
5941 17
5942 9
5943 14
5944 17
5945 18
5946 15
5947 17
5948 15
5949 15
5950 13
5951 8
5952 9
5953 20
5954 11
5955 13
5956 11
5957 12
5958 15
5959 13
5960 18
5961 13
5962 8
5963 13
5964 17
5965 26
5966 20
5967 16
5968 11
5969 11
5970 18
5971 18
5972 18
5973 13
5974 14
5975 8
5976 12
5977 21
5978 10
5979 11
5980 15
5981 13
5982 19
5983 17
5984 12
5985 16
5986 14
5987 10
5988 14
5989 13
5990 12
5991 10
5992 16
5993 13
5994 14
5995 13
5996 9
5997 20
5998 11
5999 14
6000 10
6001 14
6002 10
6003 8
6004 13
6005 13
6006 12
6007 12
6008 15
6009 14
6010 12
6011 11
6012 16
6013 11
6014 10
6015 14
6016 19
6017 10
6018 14
6019 15
6020 13
6021 19
6022 17
6023 15
6024 11
6025 11
6026 12
6027 13
6028 13
6029 17
6030 16
6031 11
6032 15
6033 19
6034 17
6035 18
6036 19
6037 15
6038 11
6039 6
6040 9
6041 10
6042 16
6043 17
6044 11
6045 20
6046 13
6047 12
6048 13
6049 19
6050 17
6051 9
6052 16
6053 9
6054 19
6055 12
6056 11
6057 21
6058 16
6059 11
6060 13
6061 9
6062 17
6063 14
6064 5
6065 16
6066 10
6067 18
6068 13
6069 15
6070 14
6071 15
6072 9
6073 13
6074 14
6075 11
6076 10
6077 11
6078 14
6079 18
6080 11
6081 13
6082 13
6083 19
6084 7
6085 18
6086 9
6087 6
6088 11
6089 13
6090 20
6091 15
6092 14
6093 17
6094 11
6095 10
6096 7
6097 16
6098 9
6099 13
6100 6
6101 11
6102 15
6103 12
6104 16
6105 13
6106 21
6107 13
6108 13
6109 13
6110 18
6111 14
6112 15
6113 13
6114 9
6115 15
6116 11
6117 7
6118 9
6119 9
6120 11
6121 14
6122 16
6123 12
6124 8
6125 18
6126 12
6127 11
6128 14
6129 11
6130 10
6131 15
6132 11
6133 13
6134 11
6135 11
6136 13
6137 16
6138 8
6139 18
6140 6
6141 12
6142 18
6143 12
6144 16
6145 7
6146 13
6147 12
6148 16
6149 10
6150 15
6151 10
6152 9
6153 12
6154 7
6155 12
6156 17
6157 12
6158 12
6159 11
6160 9
6161 15
6162 10
6163 13
6164 13
6165 14
6166 11
6167 8
6168 10
6169 6
6170 11
6171 16
6172 15
6173 9
6174 18
6175 14
6176 8
6177 11
6178 12
6179 14
6180 6
6181 16
6182 9
6183 12
6184 9
6185 12
6186 16
6187 13
6188 14
6189 14
6190 9
6191 9
6192 6
6193 11
6194 9
6195 18
6196 12
6197 12
6198 12
6199 14
6200 16
6201 8
6202 12
6203 12
6204 10
6205 11
6206 11
6207 13
6208 15
6209 10
6210 18
6211 13
6212 15
6213 14
6214 14
6215 12
6216 16
6217 10
6218 12
6219 19
6220 11
6221 6
6222 15
6223 15
6224 14
6225 13
6226 17
6227 11
6228 8
6229 8
6230 12
6231 18
6232 14
6233 9
6234 8
6235 16
6236 13
6237 12
6238 14
6239 11
6240 7
6241 15
6242 19
6243 12
6244 9
6245 7
6246 6
6247 16
6248 9
6249 12
6250 14
6251 16
6252 13
6253 11
6254 13
6255 13
6256 8
6257 9
6258 12
6259 14
6260 15
6261 13
6262 11
6263 12
6264 8
6265 12
6266 17
6267 16
6268 8
6269 18
6270 6
6271 11
6272 14
6273 6
6274 8
6275 9
6276 9
6277 12
6278 16
6279 9
6280 15
6281 15
6282 12
6283 17
6284 18
6285 13
6286 13
6287 12
6288 13
6289 11
6290 12
6291 10
6292 13
6293 6
6294 13
6295 8
6296 9
6297 19
6298 14
6299 15
6300 9
6301 9
6302 12
6303 11
6304 9
6305 14
6306 16
6307 10
6308 14
6309 15
6310 12
6311 12
6312 8
6313 8
6314 9
6315 12
6316 8
6317 14
6318 12
6319 16
6320 5
6321 12
6322 16
6323 14
6324 14
6325 8
6326 8
6327 15
6328 14
6329 9
6330 12
6331 8
6332 6
6333 8
6334 11
6335 17
6336 17
6337 8
6338 7
6339 15
6340 16
6341 10
6342 20
6343 13
6344 9
6345 12
6346 14
6347 16
6348 6
6349 14
6350 14
6351 15
6352 13
6353 13
6354 9
6355 7
6356 12
6357 11
6358 20
6359 12
6360 11
6361 14
6362 17
6363 15
6364 10
6365 9
6366 6
6367 16
6368 12
6369 11
6370 15
6371 14
6372 10
6373 9
6374 11
6375 13
6376 13
6377 7
6378 7
6379 7
6380 9
6381 11
6382 11
6383 7
6384 13
6385 10
6386 9
6387 11
6388 18
6389 5
6390 10
6391 16
6392 16
6393 15
6394 10
6395 15
6396 14
6397 13
6398 9
6399 15
6400 2
6401 11
6402 10
6403 14
6404 12
6405 14
6406 9
6407 9
6408 13
6409 9
6410 13
6411 16
6412 9
6413 9
6414 20
6415 13
6416 18
6417 10
6418 16
6419 5
6420 13
6421 9
6422 18
6423 13
6424 15
6425 18
6426 13
6427 16
6428 12
6429 9
6430 6
6431 13
6432 7
6433 10
6434 11
6435 6
6436 6
6437 19
6438 17
6439 12
6440 16
6441 18
6442 8
6443 11
6444 7
6445 13
6446 10
6447 10
6448 17
6449 10
6450 12
6451 12
6452 18
6453 9
6454 12
6455 10
6456 23
6457 15
6458 18
6459 12
6460 10
6461 11
6462 12
6463 12
6464 16
6465 4
6466 17
6467 13
6468 11
6469 14
6470 10
6471 16
6472 14
6473 12
6474 13
6475 14
6476 12
6477 9
6478 11
6479 13
6480 13
6481 7
6482 12
6483 12
6484 10
6485 18
6486 8
6487 14
6488 10
6489 10
6490 9
6491 9
6492 14
6493 9
6494 12
6495 13
6496 11
6497 17
6498 18
6499 9
6500 17
6501 12
6502 15
6503 10
6504 12
6505 14
6506 11
6507 10
6508 4
6509 15
6510 15
6511 13
6512 15
6513 8
6514 8
6515 11
6516 16
6517 10
6518 8
6519 12
6520 9
6521 8
6522 13
6523 16
6524 13
6525 18
6526 18
6527 10
6528 11
6529 12
6530 12
6531 13
6532 9
6533 15
6534 13
6535 18
6536 3
6537 11
6538 8
6539 12
6540 7
6541 13
6542 11
6543 13
6544 14
6545 10
6546 12
6547 15
6548 12
6549 16
6550 8
6551 8
6552 14
6553 15
6554 6
6555 11
6556 14
6557 12
6558 8
6559 12
6560 11
6561 14
6562 7
6563 9
6564 15
6565 9
6566 14
6567 9
6568 16
6569 12
6570 11
6571 9
6572 8
6573 10
6574 10
6575 14
6576 11
6577 18
6578 13
6579 9
6580 4
6581 8
6582 12
6583 11
6584 11
6585 12
6586 8
6587 9
6588 5
6589 11
6590 9
6591 11
6592 10
6593 10
6594 11
6595 11
6596 18
6597 15
6598 11
6599 7
6600 12
6601 12
6602 16
6603 11
6604 11
6605 3
6606 10
6607 9
6608 6
6609 6
6610 9
6611 11
6612 10
6613 7
6614 7
6615 14
6616 12
6617 18
6618 10
6619 11
6620 18
6621 10
6622 9
6623 14
6624 12
6625 18
6626 10
6627 11
6628 8
6629 9
6630 12
6631 12
6632 14
6633 14
6634 9
6635 13
6636 7
6637 15
6638 14
6639 13
6640 11
6641 8
6642 10
6643 10
6644 10
6645 9
6646 10
6647 7
6648 13
6649 11
6650 9
6651 8
6652 11
6653 7
6654 7
6655 10
6656 14
6657 13
6658 10
6659 11
6660 11
6661 11
6662 9
6663 9
6664 4
6665 13
6666 10
6667 8
6668 9
6669 5
6670 12
6671 13
6672 7
6673 14
6674 10
6675 11
6676 10
6677 6
6678 11
6679 3
6680 11
6681 10
6682 10
6683 12
6684 11
6685 7
6686 12
6687 8
6688 11
6689 13
6690 10
6691 11
6692 9
6693 11
6694 9
6695 13
6696 14
6697 9
6698 11
6699 13
6700 9
6701 13
6702 9
6703 12
6704 10
6705 14
6706 18
6707 11
6708 15
6709 13
6710 13
6711 14
6712 13
6713 13
6714 9
6715 15
6716 7
6717 15
6718 11
6719 13
6720 12
6721 8
6722 7
6723 14
6724 11
6725 7
6726 7
6727 8
6728 12
6729 15
6730 9
6731 8
6732 21
6733 13
6734 13
6735 7
6736 7
6737 14
6738 15
6739 11
6740 14
6741 13
6742 10
6743 14
6744 15
6745 6
6746 11
6747 14
6748 8
6749 6
6750 12
6751 16
6752 12
6753 11
6754 11
6755 14
6756 14
6757 14
6758 7
6759 9
6760 13
6761 14
6762 18
6763 10
6764 16
6765 12
6766 11
6767 4
6768 9
6769 11
6770 5
6771 9
6772 13
6773 18
6774 12
6775 10
6776 8
6777 7
6778 17
6779 9
6780 13
6781 8
6782 10
6783 8
6784 13
6785 9
6786 11
6787 11
6788 9
6789 12
6790 6
6791 13
6792 15
6793 14
6794 13
6795 3
6796 7
6797 8
6798 10
6799 10
6800 9
6801 10
6802 13
6803 9
6804 7
6805 16
6806 13
6807 9
6808 8
6809 13
6810 14
6811 10
6812 11
6813 11
6814 11
6815 5
6816 10
6817 13
6818 10
6819 11
6820 12
6821 11
6822 11
6823 17
6824 7
6825 13
6826 10
6827 13
6828 12
6829 9
6830 14
6831 15
6832 12
6833 11
6834 7
6835 13
6836 10
6837 12
6838 13
6839 11
6840 8
6841 7
6842 10
6843 13
6844 7
6845 11
6846 9
6847 9
6848 6
6849 5
6850 11
6851 2
6852 10
6853 10
6854 12
6855 20
6856 7
6857 11
6858 13
6859 14
6860 13
6861 10
6862 9
6863 14
6864 6
6865 8
6866 13
6867 8
6868 9
6869 8
6870 10
6871 9
6872 15
6873 16
6874 11
6875 10
6876 17
6877 7
6878 8
6879 7
6880 12
6881 10
6882 9
6883 5
6884 10
6885 6
6886 5
6887 12
6888 10
6889 14
6890 18
6891 9
6892 5
6893 11
6894 17
6895 13
6896 10
6897 5
6898 13
6899 10
6900 8
6901 21
6902 8
6903 9
6904 11
6905 12
6906 14
6907 13
6908 10
6909 13
6910 14
6911 15
6912 7
6913 10
6914 8
6915 7
6916 8
6917 9
6918 16
6919 11
6920 8
6921 8
6922 7
6923 7
6924 9
6925 9
6926 11
6927 13
6928 15
6929 14
6930 13
6931 6
6932 11
6933 13
6934 3
6935 11
6936 7
6937 6
6938 7
6939 7
6940 14
6941 16
6942 9
6943 11
6944 8
6945 8
6946 12
6947 9
6948 16
6949 14
6950 8
6951 15
6952 17
6953 10
6954 9
6955 12
6956 5
6957 12
6958 9
6959 7
6960 6
6961 16
6962 11
6963 12
6964 6
6965 10
6966 9
6967 9
6968 12
6969 17
6970 21
6971 11
6972 11
6973 6
6974 8
6975 13
6976 12
6977 11
6978 10
6979 7
6980 7
6981 15
6982 6
6983 19
6984 6
6985 6
6986 15
6987 12
6988 11
6989 9
6990 21
6991 12
6992 9
6993 8
6994 12
6995 9
6996 13
6997 5
6998 13
6999 10
7000 13
7001 6
7002 15
7003 7
7004 10
7005 11
7006 13
7007 4
7008 16
7009 15
7010 9
7011 17
7012 10
7013 9
7014 9
7015 8
7016 12
7017 8
7018 8
7019 12
7020 6
7021 14
7022 10
7023 13
7024 8
7025 8
7026 6
7027 5
7028 12
7029 9
7030 6
7031 9
7032 10
7033 6
7034 10
7035 6
7036 8
7037 8
7038 4
7039 14
7040 11
7041 8
7042 7
7043 14
7044 12
7045 10
7046 8
7047 15
7048 10
7049 10
7050 13
7051 4
7052 8
7053 15
7054 10
7055 15
7056 6
7057 12
7058 11
7059 13
7060 13
7061 9
7062 16
7063 13
7064 10
7065 7
7066 10
7067 7
7068 6
7069 12
7070 13
7071 6
7072 5
7073 11
7074 5
7075 13
7076 15
7077 10
7078 11
7079 7
7080 10
7081 10
7082 3
7083 5
7084 11
7085 6
7086 13
7087 9
7088 10
7089 5
7090 10
7091 14
7092 12
7093 11
7094 8
7095 8
7096 10
7097 10
7098 14
7099 10
7100 7
7101 13
7102 12
7103 15
7104 7
7105 13
7106 10
7107 11
7108 6
7109 5
7110 9
7111 7
7112 11
7113 9
7114 6
7115 6
7116 9
7117 11
7118 12
7119 15
7120 13
7121 8
7122 7
7123 12
7124 6
7125 4
7126 7
7127 9
7128 7
7129 11
7130 13
7131 9
7132 9
7133 11
7134 8
7135 8
7136 7
7137 10
7138 9
7139 9
7140 14
7141 10
7142 9
7143 10
7144 9
7145 9
7146 5
7147 17
7148 22
7149 8
7150 8
7151 15
7152 4
7153 13
7154 7
7155 16
7156 14
7157 9
7158 12
7159 10
7160 13
7161 9
7162 5
7163 12
7164 13
7165 13
7166 8
7167 21
7168 15
7169 7
7170 8
7171 11
7172 6
7173 15
7174 9
7175 12
7176 9
7177 9
7178 7
7179 12
7180 7
7181 7
7182 5
7183 8
7184 12
7185 6
7186 4
7187 13
7188 8
7189 10
7190 8
7191 8
7192 9
7193 7
7194 14
7195 10
7196 6
7197 9
7198 9
7199 8
7200 8
7201 12
7202 8
7203 8
7204 6
7205 8
7206 10
7207 14
7208 14
7209 15
7210 7
7211 9
7212 11
7213 10
7214 10
7215 9
7216 13
7217 15
7218 8
7219 7
7220 8
7221 10
7222 4
7223 12
7224 11
7225 9
7226 4
7227 8
7228 6
7229 11
7230 9
7231 9
7232 10
7233 7
7234 6
7235 12
7236 6
7237 11
7238 10
7239 11
7240 3
7241 10
7242 6
7243 5
7244 8
7245 8
7246 11
7247 14
7248 14
7249 9
7250 13
7251 7
7252 10
7253 7
7254 16
7255 15
7256 17
7257 10
7258 13
7259 5
7260 11
7261 8
7262 6
7263 6
7264 12
7265 12
7266 14
7267 6
7268 8
7269 11
7270 11
7271 8
7272 8
7273 11
7274 10
7275 7
7276 6
7277 8
7278 3
7279 14
7280 12
7281 18
7282 6
7283 15
7284 10
7285 11
7286 9
7287 10
7288 10
7289 12
7290 9
7291 5
7292 10
7293 6
7294 11
7295 11
7296 8
7297 13
7298 15
7299 7
7300 12
7301 14
7302 13
7303 10
7304 5
7305 13
7306 12
7307 10
7308 6
7309 18
7310 9
7311 8
7312 7
7313 9
7314 12
7315 10
7316 7
7317 9
7318 9
7319 6
7320 9
7321 10
7322 4
7323 12
7324 10
7325 11
7326 9
7327 8
7328 7
7329 7
7330 7
7331 5
7332 11
7333 12
7334 8
7335 7
7336 8
7337 8
7338 9
7339 9
7340 11
7341 15
7342 7
7343 7
7344 11
7345 7
7346 8
7347 6
7348 16
7349 6
7350 7
7351 4
7352 10
7353 10
7354 10
7355 11
7356 13
7357 11
7358 11
7359 11
7360 14
7361 5
7362 10
7363 12
7364 6
7365 12
7366 10
7367 4
7368 11
7369 10
7370 10
7371 9
7372 9
7373 10
7374 8
7375 9
7376 8
7377 13
7378 4
7379 9
7380 10
7381 11
7382 12
7383 9
7384 6
7385 9
7386 6
7387 5
7388 12
7389 8
7390 4
7391 6
7392 11
7393 16
7394 7
7395 6
7396 9
7397 13
7398 5
7399 9
7400 6
7401 8
7402 9
7403 11
7404 14
7405 6
7406 11
7407 6
7408 12
7409 11
7410 7
7411 6
7412 4
7413 8
7414 10
7415 11
7416 5
7417 9
7418 17
7419 7
7420 13
7421 12
7422 10
7423 10
7424 8
7425 5
7426 7
7427 8
7428 7
7429 4
7430 12
7431 12
7432 10
7433 12
7434 11
7435 9
7436 8
7437 16
7438 10
7439 9
7440 9
7441 7
7442 7
7443 7
7444 9
7445 8
7446 14
7447 8
7448 6
7449 8
7450 10
7451 9
7452 9
7453 11
7454 10
7455 7
7456 9
7457 7
7458 6
7459 9
7460 13
7461 10
7462 12
7463 4
7464 9
7465 11
7466 9
7467 8
7468 10
7469 8
7470 6
7471 8
7472 10
7473 10
7474 11
7475 10
7476 7
7477 8
7478 6
7479 7
7480 6
7481 10
7482 10
7483 6
7484 9
7485 11
7486 10
7487 7
7488 11
7489 14
7490 7
7491 7
7492 9
7493 13
7494 9
7495 6
7496 10
7497 4
7498 10
7499 5
7500 7
7501 6
7502 11
7503 10
7504 7
7505 6
7506 8
7507 10
7508 7
7509 8
7510 4
7511 13
7512 6
7513 13
7514 11
7515 6
7516 4
7517 5
7518 12
7519 9
7520 19
7521 8
7522 10
7523 11
7524 4
7525 5
7526 11
7527 8
7528 5
7529 10
7530 3
7531 9
7532 11
7533 11
7534 15
7535 7
7536 4
7537 4
7538 5
7539 11
7540 10
7541 8
7542 11
7543 5
7544 7
7545 7
7546 6
7547 9
7548 13
7549 7
7550 4
7551 11
7552 11
7553 12
7554 10
7555 11
7556 5
7557 4
7558 8
7559 5
7560 8
7561 8
7562 7
7563 14
7564 12
7565 8
7566 6
7567 5
7568 3
7569 9
7570 9
7571 12
7572 6
7573 12
7574 6
7575 2
7576 7
7577 3
7578 11
7579 10
7580 10
7581 8
7582 10
7583 7
7584 13
7585 6
7586 10
7587 8
7588 13
7589 5
7590 11
7591 8
7592 10
7593 3
7594 5
7595 12
7596 9
7597 14
7598 5
7599 4
7600 7
7601 6
7602 10
7603 6
7604 5
7605 14
7606 11
7607 14
7608 5
7609 9
7610 9
7611 6
7612 11
7613 12
7614 4
7615 6
7616 11
7617 13
7618 4
7619 9
7620 9
7621 15
7622 10
7623 10
7624 19
7625 5
7626 7
7627 10
7628 8
7629 7
7630 6
7631 11
7632 10
7633 5
7634 8
7635 6
7636 12
7637 7
7638 15
7639 9
7640 6
7641 10
7642 14
7643 6
7644 12
7645 4
7646 7
7647 8
7648 9
7649 8
7650 11
7651 7
7652 12
7653 17
7654 11
7655 8
7656 10
7657 11
7658 11
7659 8
7660 13
7661 13
7662 13
7663 10
7664 16
7665 11
7666 6
7667 9
7668 12
7669 8
7670 12
7671 8
7672 6
7673 7
7674 6
7675 10
7676 7
7677 8
7678 11
7679 9
7680 4
7681 13
7682 15
7683 8
7684 11
7685 10
7686 8
7687 8
7688 7
7689 8
7690 9
7691 10
7692 8
7693 10
7694 10
7695 8
7696 2
7697 8
7698 12
7699 10
7700 11
7701 7
7702 5
7703 9
7704 7
7705 5
7706 7
7707 10
7708 9
7709 6
7710 8
7711 10
7712 8
7713 12
7714 8
7715 11
7716 8
7717 11
7718 9
7719 9
7720 9
7721 7
7722 7
7723 7
7724 4
7725 7
7726 12
7727 5
7728 11
7729 11
7730 10
7731 5
7732 5
7733 7
7734 14
7735 9
7736 11
7737 11
7738 9
7739 7
7740 6
7741 4
7742 11
7743 7
7744 12
7745 6
7746 6
7747 6
7748 11
7749 7
7750 9
7751 7
7752 3
7753 9
7754 14
7755 7
7756 7
7757 7
7758 3
7759 9
7760 10
7761 1
7762 8
7763 5
7764 4
7765 11
7766 8
7767 5
7768 7
7769 6
7770 10
7771 9
7772 12
7773 12
7774 6
7775 5
7776 2
7777 4
7778 10
7779 7
7780 10
7781 7
7782 3
7783 8
7784 11
7785 9
7786 11
7787 10
7788 8
7789 2
7790 10
7791 10
7792 5
7793 9
7794 11
7795 7
7796 8
7797 6
7798 7
7799 10
7800 7
7801 9
7802 7
7803 7
7804 8
7805 9
7806 7
7807 7
7808 10
7809 6
7810 12
7811 6
7812 8
7813 5
7814 11
7815 6
7816 12
7817 12
7818 10
7819 8
7820 10
7821 13
7822 9
7823 7
7824 10
7825 9
7826 9
7827 7
7828 8
7829 14
7830 7
7831 6
7832 7
7833 8
7834 9
7835 10
7836 9
7837 7
7838 8
7839 10
7840 3
7841 7
7842 11
7843 6
7844 6
7845 8
7846 6
7847 6
7848 9
7849 8
7850 13
7851 8
7852 11
7853 8
7854 5
7855 9
7856 5
7857 7
7858 5
7859 4
7860 9
7861 6
7862 7
7863 12
7864 5
7865 9
7866 13
7867 6
7868 7
7869 8
7870 9
7871 7
7872 13
7873 10
7874 11
7875 6
7876 5
7877 5
7878 13
7879 5
7880 8
7881 5
7882 9
7883 15
7884 7
7885 10
7886 9
7887 4
7888 10
7889 8
7890 8
7891 9
7892 8
7893 11
7894 7
7895 7
7896 5
7897 5
7898 10
7899 9
7900 8
7901 10
7902 7
7903 15
7904 10
7905 9
7906 4
7907 6
7908 10
7909 11
7910 8
7911 9
7912 6
7913 4
7914 6
7915 11
7916 8
7917 10
7918 10
7919 7
7920 5
7921 10
7922 11
7923 9
7924 8
7925 10
7926 8
7927 9
7928 12
7929 3
7930 10
7931 12
7932 7
7933 8
7934 8
7935 7
7936 5
7937 9
7938 8
7939 9
7940 8
7941 10
7942 9
7943 8
7944 8
7945 8
7946 11
7947 4
7948 13
7949 3
7950 10
7951 8
7952 10
7953 12
7954 8
7955 10
7956 4
7957 4
7958 4
7959 11
7960 9
7961 5
7962 11
7963 14
7964 9
7965 9
7966 12
7967 8
7968 5
7969 6
7970 13
7971 9
7972 9
7973 10
7974 8
7975 5
7976 9
7977 6
7978 15
7979 9
7980 16
7981 11
7982 12
7983 10
7984 12
7985 13
7986 10
7987 8
7988 8
7989 7
7990 10
7991 7
7992 8
7993 6
7994 8
7995 6
7996 11
7997 5
7998 10
7999 5
8000 5
8001 7
8002 14
8003 6
8004 5
8005 4
8006 8
8007 12
8008 8
8009 6
8010 10
8011 10
8012 7
8013 7
8014 4
8015 9
8016 7
8017 5
8018 5
8019 8
8020 16
8021 9
8022 5
8023 10
8024 7
8025 4
8026 5
8027 9
8028 6
8029 10
8030 8
8031 5
8032 9
8033 7
8034 8
8035 11
8036 7
8037 7
8038 12
8039 9
8040 5
8041 9
8042 8
8043 11
8044 12
8045 10
8046 12
8047 5
8048 10
8049 7
8050 8
8051 8
8052 6
8053 5
8054 11
8055 11
8056 8
8057 6
8058 9
8059 4
8060 11
8061 13
8062 5
8063 6
8064 9
8065 7
8066 5
8067 10
8068 8
8069 12
8070 9
8071 7
8072 10
8073 8
8074 6
8075 8
8076 6
8077 6
8078 9
8079 4
8080 10
8081 9
8082 13
8083 8
8084 9
8085 10
8086 8
8087 12
8088 7
8089 8
8090 10
8091 12
8092 17
8093 7
8094 9
8095 6
8096 6
8097 6
8098 9
8099 9
8100 9
8101 8
8102 9
8103 10
8104 11
8105 8
8106 12
8107 11
8108 7
8109 12
8110 7
8111 7
8112 12
8113 13
8114 8
8115 5
8116 10
8117 10
8118 9
8119 10
8120 6
8121 12
8122 13
8123 5
8124 9
8125 10
8126 8
8127 6
8128 10
8129 9
8130 10
8131 8
8132 7
8133 8
8134 12
8135 12
8136 8
8137 13
8138 11
8139 7
8140 5
8141 8
8142 6
8143 15
8144 13
8145 3
8146 13
8147 14
8148 7
8149 13
8150 11
8151 9
8152 9
8153 7
8154 6
8155 7
8156 6
8157 4
8158 5
8159 4
8160 8
8161 11
8162 2
8163 11
8164 6
8165 6
8166 11
8167 6
8168 8
8169 10
8170 14
8171 8
8172 8
8173 7
8174 9
8175 3
8176 15
8177 5
8178 10
8179 8
8180 11
8181 5
8182 11
8183 7
8184 3
8185 8
8186 8
8187 7
8188 7
8189 16
8190 10
8191 12
8192 10
8193 6
8194 12
8195 14
8196 7
8197 8
8198 6
8199 7
8200 18
8201 8
8202 9
8203 10
8204 10
8205 9
8206 3
8207 5
8208 9
8209 9
8210 10
8211 7
8212 8
8213 4
8214 8
8215 7
8216 8
8217 10
8218 11
8219 6
8220 5
8221 9
8222 5
8223 12
8224 14
8225 9
8226 13
8227 9
8228 4
8229 12
8230 11
8231 3
8232 6
8233 7
8234 4
8235 11
8236 8
8237 11
8238 10
8239 10
8240 6
8241 10
8242 8
8243 11
8244 7
8245 7
8246 10
8247 10
8248 7
8249 8
8250 11
8251 10
8252 3
8253 9
8254 5
8255 8
8256 4
8257 9
8258 5
8259 3
8260 9
8261 7
8262 10
8263 9
8264 6
8265 8
8266 10
8267 8
8268 9
8269 14
8270 6
8271 8
8272 11
8273 10
8274 8
8275 7
8276 7
8277 9
8278 6
8279 11
8280 6
8281 5
8282 9
8283 11
8284 9
8285 11
8286 8
8287 6
8288 10
8289 11
8290 9
8291 13
8292 9
8293 8
8294 10
8295 5
8296 7
8297 6
8298 11
8299 6
8300 6
8301 9
8302 5
8303 10
8304 7
8305 8
8306 9
8307 21
8308 8
8309 11
8310 10
8311 6
8312 10
8313 7
8314 5
8315 10
8316 10
8317 10
8318 9
8319 12
8320 5
8321 6
8322 12
8323 5
8324 11
8325 13
8326 9
8327 12
8328 12
8329 5
8330 4
8331 8
8332 8
8333 10
8334 11
8335 11
8336 10
8337 7
8338 13
8339 10
8340 7
8341 9
8342 9
8343 12
8344 7
8345 8
8346 9
8347 12
8348 7
8349 9
8350 6
8351 6
8352 9
8353 10
8354 10
8355 8
8356 7
8357 9
8358 7
8359 6
8360 9
8361 9
8362 8
8363 3
8364 10
8365 9
8366 6
8367 11
8368 10
8369 10
8370 5
8371 4
8372 8
8373 6
8374 8
8375 9
8376 9
8377 6
8378 13
8379 6
8380 14
8381 14
8382 5
8383 8
8384 9
8385 10
8386 5
8387 8
8388 8
8389 4
8390 5
8391 2
8392 5
8393 5
8394 11
8395 4
8396 10
8397 13
8398 11
8399 13
8400 6
8401 12
8402 10
8403 13
8404 6
8405 7
8406 5
8407 9
8408 8
8409 7
8410 4
8411 7
8412 8
8413 7
8414 7
8415 9
8416 7
8417 8
8418 8
8419 8
8420 9
8421 11
8422 8
8423 7
8424 8
8425 8
8426 7
8427 4
8428 6
8429 10
8430 7
8431 12
8432 11
8433 7
8434 7
8435 7
8436 5
8437 7
8438 8
8439 13
8440 10
8441 10
8442 12
8443 6
8444 7
8445 12
8446 10
8447 3
8448 2
8449 8
8450 11
8451 9
8452 8
8453 12
8454 7
8455 11
8456 7
8457 9
8458 7
8459 10
8460 4
8461 7
8462 10
8463 6
8464 7
8465 12
8466 8
8467 11
8468 5
8469 8
8470 7
8471 8
8472 8
8473 9
8474 9
8475 9
8476 9
8477 6
8478 6
8479 3
8480 9
8481 7
8482 6
8483 9
8484 10
8485 8
8486 6
8487 3
8488 8
8489 10
8490 7
8491 8
8492 9
8493 5
8494 8
8495 5
8496 8
8497 8
8498 11
8499 8
8500 5
8501 7
8502 3
8503 4
8504 9
8505 5
8506 1
8507 6
8508 9
8509 5
8510 4
8511 9
8512 7
8513 12
8514 14
8515 4
8516 12
8517 5
8518 6
8519 9
8520 4
8521 10
8522 8
8523 8
8524 12
8525 6
8526 6
8527 6
8528 9
8529 8
8530 7
8531 6
8532 6
8533 11
8534 3
8535 5
8536 6
8537 7
8538 8
8539 8
8540 6
8541 15
8542 7
8543 10
8544 12
8545 8
8546 6
8547 10
8548 14
8549 10
8550 7
8551 11
8552 8
8553 6
8554 6
8555 8
8556 9
8557 7
8558 9
8559 13
8560 9
8561 7
8562 10
8563 12
8564 9
8565 9
8566 9
8567 10
8568 6
8569 4
8570 2
8571 8
8572 11
8573 12
8574 9
8575 9
8576 8
8577 5
8578 6
8579 4
8580 11
8581 7
8582 15
8583 6
8584 10
8585 10
8586 4
8587 12
8588 13
8589 11
8590 7
8591 9
8592 13
8593 14
8594 8
8595 5
8596 13
8597 10
8598 12
8599 5
8600 1
8601 12
8602 13
8603 11
8604 7
8605 6
8606 7
8607 17
8608 9
8609 5
8610 7
8611 5
8612 6
8613 5
8614 13
8615 7
8616 7
8617 12
8618 15
8619 10
8620 10
8621 7
8622 12
8623 7
8624 7
8625 8
8626 12
8627 8
8628 14
8629 6
8630 7
8631 8
8632 6
8633 14
8634 6
8635 9
8636 3
8637 8
8638 6
8639 8
8640 7
8641 4
8642 8
8643 8
8644 7
8645 7
8646 14
8647 9
8648 5
8649 6
8650 9
8651 9
8652 7
8653 9
8654 11
8655 13
8656 8
8657 6
8658 7
8659 6
8660 11
8661 8
8662 16
8663 7
8664 9
8665 10
8666 7
8667 9
8668 8
8669 6
8670 4
8671 6
8672 7
8673 8
8674 5
8675 4
8676 10
8677 10
8678 4
8679 5
8680 6
8681 7
8682 8
8683 9
8684 7
8685 7
8686 9
8687 7
8688 10
8689 5
8690 11
8691 7
8692 3
8693 10
8694 15
8695 8
8696 10
8697 7
8698 5
8699 6
8700 7
8701 10
8702 7
8703 6
8704 4
8705 7
8706 7
8707 8
8708 11
8709 5
8710 4
8711 6
8712 1
8713 9
8714 10
8715 7
8716 7
8717 8
8718 10
8719 12
8720 6
8721 8
8722 5
8723 7
8724 12
8725 5
8726 14
8727 9
8728 6
8729 4
8730 3
8731 7
8732 9
8733 10
8734 4
8735 9
8736 7
8737 7
8738 9
8739 3
8740 12
8741 5
8742 9
8743 8
8744 9
8745 7
8746 5
8747 6
8748 9
8749 11
8750 7
8751 5
8752 6
8753 8
8754 5
8755 9
8756 7
8757 4
8758 11
8759 4
8760 9
8761 8
8762 8
8763 9
8764 7
8765 10
8766 13
8767 7
8768 8
8769 10
8770 15
8771 7
8772 8
8773 6
8774 10
8775 10
8776 8
8777 9
8778 9
8779 7
8780 12
8781 6
8782 12
8783 8
8784 9
8785 10
8786 13
8787 11
8788 10
8789 14
8790 6
8791 2
8792 12
8793 12
8794 9
8795 9
8796 5
8797 7
8798 9
8799 8
8800 5
8801 6
8802 10
8803 4
8804 7
8805 11
8806 9
8807 10
8808 8
8809 10
8810 7
8811 10
8812 10
8813 7
8814 11
8815 6
8816 12
8817 7
8818 7
8819 10
8820 13
8821 10
8822 8
8823 4
8824 11
8825 6
8826 6
8827 6
8828 14
8829 11
8830 8
8831 10
8832 9
8833 14
8834 5
8835 12
8836 9
8837 9
8838 7
8839 11
8840 5
8841 11
8842 6
8843 6
8844 7
8845 10
8846 6
8847 13
8848 9
8849 11
8850 4
8851 10
8852 4
8853 10
8854 7
8855 10
8856 4
8857 8
8858 8
8859 4
8860 12
8861 10
8862 7
8863 8
8864 4
8865 5
8866 8
8867 12
8868 9
8869 5
8870 10
8871 11
8872 11
8873 7
8874 9
8875 9
8876 12
8877 4
8878 3
8879 10
8880 9
8881 4
8882 10
8883 4
8884 6
8885 8
8886 16
8887 6
8888 9
8889 12
8890 7
8891 9
8892 11
8893 7
8894 7
8895 8
8896 7
8897 8
8898 2
8899 6
8900 9
8901 9
8902 8
8903 4
8904 11
8905 6
8906 9
8907 11
8908 3
8909 7
8910 10
8911 5
8912 9
8913 8
8914 15
8915 6
8916 10
8917 7
8918 11
8919 9
8920 11
8921 5
8922 7
8923 7
8924 3
8925 4
8926 12
8927 7
8928 10
8929 5
8930 6
8931 9
8932 7
8933 9
8934 11
8935 9
8936 8
8937 14
8938 6
8939 7
8940 9
8941 7
8942 8
8943 13
8944 9
8945 10
8946 2
8947 11
8948 9
8949 9
8950 5
8951 10
8952 11
8953 8
8954 8
8955 9
8956 8
8957 10
8958 9
8959 9
8960 5
8961 8
8962 13
8963 7
8964 10
8965 13
8966 6
8967 8
8968 6
8969 9
8970 8
8971 10
8972 11
8973 8
8974 5
8975 11
8976 11
8977 7
8978 12
8979 7
8980 7
8981 11
8982 8
8983 9
8984 9
8985 8
8986 10
8987 9
8988 9
8989 5
8990 10
8991 5
8992 10
8993 5
8994 9
8995 11
8996 6
8997 6
8998 3
8999 6
9000 6
9001 8
9002 7
9003 9
9004 8
9005 12
9006 11
9007 6
9008 11
9009 6
9010 6
9011 3
9012 9
9013 6
9014 13
9015 6
9016 8
9017 12
9018 6
9019 7
9020 6
9021 12
9022 8
9023 10
9024 4
9025 5
9026 10
9027 8
9028 5
9029 13
9030 13
9031 11
9032 9
9033 13
9034 10
9035 3
9036 8
9037 11
9038 9
9039 14
9040 12
9041 9
9042 15
9043 9
9044 11
9045 8
9046 8
9047 8
9048 5
9049 11
9050 8
9051 6
9052 4
9053 10
9054 12
9055 9
9056 7
9057 6
9058 8
9059 10
9060 7
9061 5
9062 6
9063 2
9064 3
9065 9
9066 10
9067 7
9068 14
9069 15
9070 10
9071 8
9072 4
9073 7
9074 10
9075 10
9076 7
9077 10
9078 11
9079 7
9080 7
9081 5
9082 8
9083 8
9084 6
9085 8
9086 7
9087 8
9088 9
9089 7
9090 9
9091 8
9092 7
9093 4
9094 2
9095 5
9096 11
9097 5
9098 8
9099 5
9100 6
9101 8
9102 2
9103 6
9104 7
9105 9
9106 6
9107 7
9108 9
9109 3
9110 12
9111 6
9112 5
9113 7
9114 10
9115 13
9116 11
9117 9
9118 13
9119 9
9120 4
9121 9
9122 10
9123 9
9124 10
9125 11
9126 4
9127 8
9128 10
9129 10
9130 6
9131 8
9132 13
9133 8
9134 3
9135 11
9136 6
9137 7
9138 6
9139 7
9140 9
9141 5
9142 9
9143 10
9144 5
9145 6
9146 8
9147 2
9148 11
9149 20
9150 7
9151 8
9152 14
9153 5
9154 6
9155 5
9156 10
9157 6
9158 8
9159 12
9160 8
9161 8
9162 12
9163 13
9164 14
9165 8
9166 12
9167 9
9168 6
9169 12
9170 9
9171 11
9172 6
9173 12
9174 10
9175 4
9176 9
9177 7
9178 8
9179 9
9180 12
9181 7
9182 11
9183 8
9184 11
9185 12
9186 8
9187 10
9188 8
9189 9
9190 8
9191 10
9192 4
9193 18
9194 7
9195 11
9196 7
9197 6
9198 13
9199 12
9200 11
9201 8
9202 8
9203 6
9204 11
9205 9
9206 9
9207 11
9208 10
9209 5
9210 8
9211 6
9212 10
9213 8
9214 10
9215 5
9216 9
9217 6
9218 6
9219 6
9220 4
9221 9
9222 8
9223 6
9224 5
9225 9
9226 13
9227 11
9228 10
9229 8
9230 11
9231 7
9232 3
9233 3
9234 3
9235 7
9236 4
9237 11
9238 10
9239 11
9240 11
9241 10
9242 3
9243 9
9244 9
9245 8
9246 7
9247 7
9248 6
9249 11
9250 5
9251 12
9252 11
9253 2
9254 9
9255 6
9256 9
9257 4
9258 5
9259 14
9260 10
9261 9
9262 8
9263 6
9264 8
9265 8
9266 13
9267 10
9268 7
9269 9
9270 5
9271 5
9272 11
9273 11
9274 6
9275 10
9276 5
9277 8
9278 6
9279 6
9280 9
9281 12
9282 14
9283 7
9284 5
9285 9
9286 9
9287 11
9288 14
9289 7
9290 8
9291 8
9292 4
9293 11
9294 12
9295 9
9296 10
9297 5
9298 7
9299 5
9300 16
9301 5
9302 5
9303 7
9304 8
9305 8
9306 9
9307 7
9308 9
9309 11
9310 5
9311 8
9312 8
9313 2
9314 5
9315 8
9316 8
9317 9
9318 9
9319 4
9320 13
9321 11
9322 9
9323 9
9324 11
9325 9
9326 6
9327 13
9328 4
9329 10
9330 5
9331 8
9332 4
9333 6
9334 8
9335 9
9336 12
9337 13
9338 6
9339 8
9340 8
9341 14
9342 6
9343 6
9344 8
9345 5
9346 9
9347 8
9348 5
9349 8
9350 7
9351 12
9352 8
9353 6
9354 4
9355 7
9356 3
9357 5
9358 11
9359 10
9360 4
9361 7
9362 14
9363 6
9364 10
9365 9
9366 9
9367 6
9368 3
9369 8
9370 7
9371 9
9372 12
9373 8
9374 5
9375 13
9376 8
9377 5
9378 11
9379 5
9380 9
9381 13
9382 8
9383 7
9384 10
9385 8
9386 3
9387 5
9388 6
9389 6
9390 9
9391 9
9392 7
9393 6
9394 9
9395 7
9396 16
9397 6
9398 4
9399 9
9400 9
9401 9
9402 7
9403 9
9404 9
9405 4
9406 4
9407 8
9408 9
9409 6
9410 18
9411 10
9412 7
9413 5
9414 6
9415 6
9416 9
9417 5
9418 6
9419 9
9420 9
9421 10
9422 9
9423 5
9424 10
9425 5
9426 14
9427 11
9428 11
9429 16
9430 9
9431 10
9432 8
9433 10
9434 8
9435 10
9436 10
9437 15
9438 14
9439 5
9440 9
9441 12
9442 9
9443 6
9444 11
9445 20
9446 13
9447 10
9448 10
9449 13
9450 15
9451 16
9452 6
9453 6
9454 12
9455 9
9456 3
9457 13
9458 8
9459 4
9460 4
9461 4
9462 6
9463 4
9464 8
9465 9
9466 2
9467 2
9468 10
9469 15
9470 11
9471 7
9472 7
9473 6
9474 8
9475 10
9476 7
9477 8
9478 4
9479 14
9480 12
9481 13
9482 5
9483 10
9484 8
9485 9
9486 8
9487 9
9488 6
9489 5
9490 11
9491 4
9492 10
9493 12
9494 8
9495 5
9496 13
9497 5
9498 4
9499 9
9500 3
9501 7
9502 8
9503 8
9504 8
9505 10
9506 7
9507 11
9508 10
9509 8
9510 6
9511 9
9512 7
9513 2
9514 11
9515 4
9516 8
9517 9
9518 10
9519 10
9520 5
9521 6
9522 9
9523 9
9524 6
9525 6
9526 6
9527 11
9528 12
9529 7
9530 8
9531 8
9532 7
9533 5
9534 5
9535 6
9536 4
9537 5
9538 8
9539 9
9540 6
9541 10
9542 7
9543 7
9544 7
9545 12
9546 9
9547 12
9548 15
9549 9
9550 11
9551 8
9552 8
9553 6
9554 7
9555 6
9556 4
9557 9
9558 9
9559 9
9560 8
9561 8
9562 7
9563 8
9564 15
9565 15
9566 6
9567 11
9568 8
9569 9
9570 7
9571 7
9572 8
9573 5
9574 9
9575 11
9576 11
9577 3
9578 4
9579 11
9580 8
9581 8
9582 4
9583 12
9584 10
9585 10
9586 7
9587 13
9588 7
9589 10
9590 6
9591 6
9592 7
9593 13
9594 13
9595 8
9596 8
9597 12
9598 18
9599 13
9600 7
9601 3
9602 10
9603 12
9604 9
9605 5
9606 5
9607 7
9608 6
9609 5
9610 12
9611 7
9612 8
9613 11
9614 9
9615 12
9616 3
9617 9
9618 8
9619 9
9620 10
9621 7
9622 7
9623 10
9624 10
9625 7
9626 6
9627 8
9628 10
9629 8
9630 8
9631 4
9632 6
9633 1
9634 7
9635 10
9636 13
9637 7
9638 9
9639 7
9640 14
9641 10
9642 9
9643 3
9644 18
9645 12
9646 5
9647 9
9648 10
9649 11
9650 15
9651 9
9652 14
9653 11
9654 10
9655 10
9656 13
9657 9
9658 8
9659 7
9660 8
9661 12
9662 7
9663 8
9664 7
9665 7
9666 7
9667 5
9668 8
9669 10
9670 10
9671 10
9672 4
9673 10
9674 9
9675 7
9676 13
9677 10
9678 16
9679 10
9680 10
9681 6
9682 11
9683 11
9684 8
9685 13
9686 10
9687 7
9688 12
9689 10
9690 11
9691 6
9692 14
9693 9
9694 8
9695 12
9696 8
9697 11
9698 10
9699 3
9700 12
9701 9
9702 11
9703 16
9704 9
9705 10
9706 6
9707 9
9708 9
9709 9
9710 10
9711 6
9712 7
9713 8
9714 11
9715 7
9716 10
9717 9
9718 12
9719 8
9720 5
9721 10
9722 11
9723 12
9724 9
9725 9
9726 7
9727 12
9728 12
9729 13
9730 9
9731 9
9732 15
9733 6
9734 5
9735 10
9736 8
9737 7
9738 8
9739 9
9740 10
9741 9
9742 6
9743 8
9744 11
9745 9
9746 8
9747 6
9748 4
9749 9
9750 15
9751 9
9752 5
9753 7
9754 7
9755 9
9756 9
9757 9
9758 9
9759 7
9760 12
9761 13
9762 8
9763 11
9764 7
9765 11
9766 13
9767 9
9768 9
9769 7
9770 4
9771 10
9772 5
9773 8
9774 8
9775 6
9776 10
9777 7
9778 18
9779 9
9780 10
9781 10
9782 9
9783 3
9784 11
9785 13
9786 9
9787 7
9788 9
9789 11
9790 6
9791 11
9792 10
9793 11
9794 11
9795 16
9796 9
9797 3
9798 6
9799 16
9800 15
9801 11
9802 10
9803 9
9804 8
9805 6
9806 10
9807 9
9808 12
9809 7
9810 11
9811 7
9812 13
9813 10
9814 5
9815 9
9816 11
9817 10
9818 7
9819 9
9820 7
9821 13
9822 6
9823 8
9824 11
9825 10
9826 6
9827 5
9828 15
9829 8
9830 18
9831 7
9832 8
9833 8
9834 5
9835 5
9836 10
9837 11
9838 7
9839 15
9840 10
9841 11
9842 9
9843 5
9844 10
9845 15
9846 8
9847 9
9848 9
9849 7
9850 6
9851 10
9852 6
9853 6
9854 9
9855 9
9856 8
9857 11
9858 9
9859 9
9860 13
9861 6
9862 9
9863 11
9864 10
9865 8
9866 13
9867 13
9868 11
9869 13
9870 11
9871 9
9872 7
9873 10
9874 9
9875 8
9876 6
9877 7
9878 12
9879 13
9880 5
9881 13
9882 9
9883 8
9884 12
9885 10
9886 12
9887 6
9888 7
9889 11
9890 8
9891 4
9892 9
9893 10
9894 9
9895 5
9896 7
9897 8
9898 6
9899 11
9900 6
9901 6
9902 12
9903 9
9904 4
9905 12
9906 10
9907 7
9908 5
9909 3
9910 9
9911 3
9912 6
9913 9
9914 6
9915 12
9916 11
9917 6
9918 12
9919 1
9920 6
9921 9
9922 8
9923 8
9924 9
9925 7
9926 12
9927 13
9928 9
9929 5
9930 9
9931 12
9932 9
9933 6
9934 7
9935 12
9936 4
9937 12
9938 5
9939 10
9940 8
9941 8
9942 8
9943 8
9944 6
9945 6
9946 8
9947 11
9948 10
9949 10
9950 6
9951 6
9952 13
9953 5
9954 7
9955 6
9956 1
9957 10
9958 11
9959 6
9960 9
9961 7
9962 11
9963 13
9964 6
9965 8
9966 14
9967 12
9968 6
9969 6
9970 7
9971 11
9972 2
9973 9
9974 7
9975 12
9976 10
9977 8
9978 3
9979 6
9980 14
9981 13
9982 8
9983 10
9984 10
9985 7
9986 6
9987 12
9988 11
9989 8
9990 14
9991 16
9992 9
9993 7
9994 6
9995 11
9996 14
9997 10
9998 7
9999 8
10000 9
10001 142259
