1 1923260959
2 814679101
3 396538338
4 221812577
5 139695610
6 97187271
7 73282119
8 58668871
9 48900732
10 41726664
11 36008297
12 31183572
13 27023820
14 23401713
15 20303212
16 17639230
17 15408404
18 13525746
19 11930870
20 10588679
21 9447791
22 8463434
23 7614268
24 6864638
25 6194902
26 5611072
27 5089351
28 4630078
29 4213180
30 3848991
31 3521202
32 3231284
33 2970150
34 2741040
35 2536237
36 2350406
37 2183406
38 2034465
39 1897612
40 1773792
41 1659472
42 1554714
43 1460216
44 1372842
45 1293926
46 1218571
47 1150512
48 1088713
49 1030634
50 977786
51 927533
52 881746
53 837712
54 797518
55 758797
56 723326
57 692472
58 659904
59 632474
60 603924
61 580763
62 557265
63 530974
64 510158
65 492322
66 473809
67 454580
68 436490
69 420516
70 406210
71 390352
72 377813
73 364595
74 351374
75 338779
76 328794
77 317155
78 306678
79 297977
80 288771
81 279840
82 271283
83 262378
84 255353
85 247789
86 239591
87 232361
88 227343
89 220817
90 214293
91 209652
92 203075
93 198194
94 192260
95 187713
96 182675
97 177724
98 174460
99 169184
100 164356
101 160858
102 157919
103 153411
104 149575
105 146145
106 142440
107 139448
108 136323
109 133461
110 130426
111 127503
112 124972
113 122240
114 120051
115 117520
116 114160
117 111551
118 110282
119 107123
120 105367
121 103677
122 102215
123 99034
124 97210
125 95055
126 93359
127 92041
128 90448
129 88727
130 86506
131 85448
132 83405
133 82452
134 80735
135 79037
136 77653
137 76269
138 75438
139 73971
140 72579
141 71451
142 70092
143 68748
144 67486
145 66873
146 65807
147 64937
148 63548
149 62973
150 61773
151 60659
152 59588
153 58530
154 57744
155 56983
156 56400
157 55563
158 54648
159 53838
160 52897
161 51929
162 51341
163 50369
164 50008
165 49221
166 48544
167 48010
168 46804
169 46356
170 45647
171 45386
172 44542
173 43727
174 43598
175 42686
176 42442
177 41775
178 41122
179 40351
180 40180
181 39304
182 39072
183 38650
184 38201
185 37624
186 37406
187 36964
188 36481
189 35817
190 35399
191 34931
192 34750
193 34155
194 33850
195 33630
196 33225
197 32834
198 32267
199 31709
200 31596
201 31162
202 30786
203 30707
204 30123
205 30010
206 29690
207 29412
208 28945
209 28808
210 28417
211 28139
212 27909
213 27124
214 27242
215 26979
216 26836
217 26276
218 26129
219 25832
220 25668
221 25205
222 24864
223 24725
224 24479
225 24636
226 23863
227 23874
228 23464
229 23616
230 23130
231 23207
232 22653
233 22390
234 22484
235 22192
236 21939
237 21665
238 21635
239 21244
240 20804
241 20884
242 20657
243 20138
244 20428
245 20365
246 20062
247 19771
248 19714
249 19398
250 19182
251 19182
252 18837
253 18752
254 18543
255 18555
256 18157
257 18205
258 17752
259 17735
260 17532
261 17326
262 17363
263 17252
264 17048
265 16893
266 16725
267 16745
268 16411
269 16265
270 16178
271 15996
272 15911
273 15723
274 15553
275 15515
276 15469
277 15106
278 15378
279 15257
280 14769
281 14931
282 14567
283 14414
284 14493
285 14512
286 14087
287 14122
288 13525
289 13598
290 13840
291 13827
292 13594
293 13254
294 13306
295 13249
296 13057
297 13020
298 12863
299 12968
300 12985
301 12595
302 12350
303 12189
304 12275
305 12269
306 12096
307 11987
308 12047
309 11922
310 11717
311 11696
312 11480
313 11477
314 11262
315 11209
316 11218
317 10964
318 10948
319 10790
320 10673
321 10740
322 10602
323 10364
324 10433
325 10394
326 10284
327 10250
328 10179
329 10011
330 9980
331 9851
332 9670
333 9681
334 9579
335 9585
336 9516
337 9347
338 9224
339 9285
340 9490
341 9003
342 9264
343 9167
344 8971
345 8852
346 8607
347 8900
348 8605
349 8529
350 8401
351 8358
352 8318
353 8465
354 8289
355 8283
356 8190
357 7960
358 8026
359 7903
360 8026
361 7725
362 7927
363 7995
364 7624
365 7570
366 7559
367 7406
368 7535
369 7348
370 7502
371 7350
372 7370
373 7262
374 7029
375 7223
376 7030
377 6924
378 6878
379 6958
380 6694
381 6878
382 6652
383 6805
384 6517
385 6805
386 6611
387 6555
388 6505
389 6513
390 6345
391 6409
392 6441
393 6067
394 6363
395 6253
396 6252
397 6183
398 6070
399 6074
400 6155
401 6012
402 6000
403 5835
404 5925
405 5872
406 5938
407 5729
408 5666
409 5640
410 5610
411 5519
412 5476
413 5646
414 5563
415 5497
416 5468
417 5400
418 5397
419 5306
420 5248
421 5285
422 5164
423 5261
424 5142
425 5144
426 5119
427 4920
428 5129
429 5059
430 5018
431 4943
432 4932
433 4923
434 4926
435 4868
436 4824
437 4871
438 4846
439 4640
440 4686
441 4702
442 4799
443 4621
444 4573
445 4673
446 4570
447 4539
448 4526
449 4596
450 4495
451 4360
452 4217
453 4570
454 4290
455 4376
456 4236
457 4312
458 4390
459 4277
460 4229
461 4234
462 4211
463 4140
464 4114
465 4100
466 4072
467 4072
468 4110
469 3959
470 4021
471 4005
472 4041
473 3992
474 3979
475 3857
476 3887
477 3855
478 3885
479 3841
480 3740
481 3758
482 3881
483 3689
484 3647
485 3755
486 3672
487 3803
488 3602
489 3541
490 3574
491 3475
492 3604
493 3600
494 3477
495 3568
496 3495
497 3503
498 3554
499 3443
500 3440
501 3522
502 3421
503 3409
504 3366
505 3376
506 3296
507 3282
508 3265
509 3220
510 3321
511 3347
512 3152
513 3240
514 3246
515 3147
516 3268
517 3179
518 3182
519 3064
520 3153
521 3091
522 3104
523 3099
524 3000
525 3065
526 3092
527 2987
528 3056
529 2957
530 3035
531 2987
532 3067
533 2954
534 2818
535 2924
536 2905
537 2846
538 2802
539 2948
540 2777
541 2826
542 2803
543 2906
544 2762
545 2678
546 2898
547 2740
548 2664
549 2706
550 2662
551 2818
552 2685
553 2617
554 2637
555 2680
556 2569
557 2579
558 2657
559 2579
560 2579
561 2657
562 2573
563 2668
564 2550
565 2574
566 2531
567 2518
568 2585
569 2439
570 2523
571 2511
572 2489
573 2474
574 2526
575 2416
576 2439
577 2465
578 2428
579 2477
580 2511
581 2434
582 2433
583 2363
584 2518
585 2336
586 2398
587 2373
588 2345
589 2322
590 2408
591 2355
592 2229
593 2206
594 2302
595 2250
596 2191
597 2277
598 2280
599 2210
600 2207
601 2169
602 2135
603 2188
604 2208
605 2212
606 2191
607 2127
608 2143
609 2097
610 2094
611 2065
612 2120
613 2014
614 2017
615 2057
616 2141
617 2071
618 2086
619 2052
620 1968
621 2089
622 2018
623 1996
624 2087
625 1962
626 2007
627 1997
628 2028
629 1883
630 1924
631 1921
632 1929
633 1997
634 1922
635 1953
636 1935
637 1971
638 1969
639 1814
640 1927
641 1880
642 1894
643 1789
644 1922
645 1870
646 1807
647 1892
648 1843
649 1879
650 1808
651 1794
652 1846
653 1808
654 1797
655 1755
656 1862
657 1757
658 1779
659 1731
660 1704
661 1736
662 1783
663 1695
664 1710
665 1756
666 1711
667 1709
668 1651
669 1645
670 1764
671 1701
672 1695
673 1638
674 1656
675 1657
676 1622
677 1667
678 1716
679 1612
680 1688
681 1656
682 1712
683 1610
684 1591
685 1569
686 1614
687 1664
688 1623
689 1566
690 1551
691 1607
692 1551
693 1567
694 1575
695 1603
696 1533
697 1556
698 1601
699 1506
700 1578
701 1547
702 1579
703 1538
704 1535
705 1533
706 1418
707 1497
708 1500
709 1501
710 1471
711 1552
712 1465
713 1529
714 1423
715 1445
716 1525
717 1376
718 1426
719 1453
720 1444
721 1466
722 1376
723 1463
724 1367
725 1389
726 1404
727 1390
728 1392
729 1337
730 1397
731 1412
732 1378
733 1388
734 1320
735 1319
736 1391
737 1328
738 1385
739 1400
740 1346
741 1309
742 1346
743 1333
744 1271
745 1323
746 1306
747 1308
748 1296
749 1259
750 1321
751 1264
752 1328
753 1280
754 1172
755 1295
756 1232
757 1291
758 1353
759 1354
760 1263
761 1260
762 1206
763 1252
764 1293
765 1173
766 1255
767 1219
768 1254
769 1180
770 1229
771 1316
772 1213
773 1151
774 1256
775 1204
776 1232
777 1228
778 1205
779 1162
780 1221
781 1168
782 1101
783 1136
784 1138
785 1143
786 1173
787 1161
788 1177
789 1098
790 1213
791 1072
792 1109
793 1106
794 1133
795 1123
796 1090
797 1145
798 1149
799 1075
800 1109
801 1105
802 1102
803 1092
804 1078
805 1065
806 1083
807 1130
808 1090
809 1107
810 1128
811 1067
812 1091
813 1043
814 1082
815 1046
816 1069
817 1115
818 1072
819 1041
820 993
821 1060
822 1022
823 1091
824 963
825 1040
826 1055
827 1009
828 1026
829 1041
830 995
831 998
832 1026
833 980
834 1040
835 965
836 964
837 989
838 1010
839 998
840 957
841 1019
842 1008
843 930
844 974
845 993
846 1002
847 966
848 1012
849 955
850 976
851 973
852 924
853 894
854 960
855 963
856 987
857 964
858 927
859 920
860 893
861 878
862 932
863 921
864 923
865 924
866 872
867 948
868 961
869 901
870 925
871 908
872 888
873 878
874 922
875 899
876 940
877 860
878 887
879 839
880 927
881 852
882 895
883 875
884 890
885 850
886 950
887 818
888 866
889 876
890 866
891 835
892 852
893 879
894 880
895 835
896 855
897 871
898 913
899 804
900 860
901 810
902 851
903 864
904 828
905 827
906 859
907 824
908 859
909 843
910 843
911 779
912 846
913 841
914 798
915 855
916 831
917 809
918 801
919 790
920 759
921 785
922 792
923 740
924 732
925 791
926 783
927 762
928 856
929 844
930 753
931 787
932 801
933 771
934 737
935 727
936 765
937 777
938 725
939 751
940 718
941 802
942 787
943 739
944 745
945 745
946 789
947 711
948 709
949 699
950 701
951 754
952 728
953 690
954 727
955 699
956 710
957 707
958 726
959 713
960 751
961 733
962 726
963 744
964 715
965 666
966 754
967 689
968 687
969 686
970 729
971 638
972 724
973 749
974 721
975 700
976 654
977 705
978 687
979 653
980 713
981 689
982 698
983 706
984 617
985 677
986 665
987 651
988 683
989 646
990 620
991 656
992 678
993 661
994 575
995 657
996 710
997 649
998 665
999 650
1000 586
1001 662
1002 645
1003 600
1004 626
1005 675
1006 655
1007 682
1008 623
1009 656
1010 624
1011 608
1012 635
1013 626
1014 603
1015 648
1016 663
1017 642
1018 647
1019 568
1020 608
1021 623
1022 606
1023 620
1024 575
1025 634
1026 603
1027 642
1028 603
1029 606
1030 620
1031 661
1032 598
1033 612
1034 591
1035 555
1036 594
1037 576
1038 602
1039 549
1040 600
1041 574
1042 582
1043 584
1044 599
1045 565
1046 649
1047 571
1048 574
1049 587
1050 578
1051 599
1052 582
1053 616
1054 525
1055 558
1056 554
1057 594
1058 594
1059 548
1060 571
1061 574
1062 590
1063 571
1064 624
1065 544
1066 578
1067 579
1068 590
1069 527
1070 558
1071 554
1072 577
1073 511
1074 525
1075 517
1076 507
1077 535
1078 565
1079 533
1080 549
1081 497
1082 497
1083 556
1084 512
1085 563
1086 536
1087 488
1088 540
1089 523
1090 553
1091 559
1092 536
1093 527
1094 555
1095 557
1096 521
1097 483
1098 523
1099 540
1100 539
1101 518
1102 537
1103 484
1104 510
1105 506
1106 523
1107 492
1108 493
1109 494
1110 480
1111 497
1112 503
1113 478
1114 499
1115 482
1116 504
1117 492
1118 505
1119 463
1120 495
1121 488
1122 491
1123 490
1124 489
1125 499
1126 472
1127 492
1128 488
1129 480
1130 480
1131 477
1132 456
1133 458
1134 455
1135 470
1136 484
1137 484
1138 486
1139 476
1140 481
1141 481
1142 517
1143 479
1144 488
1145 473
1146 426
1147 496
1148 466
1149 399
1150 448
1151 485
1152 474
1153 471
1154 469
1155 514
1156 444
1157 484
1158 465
1159 466
1160 447
1161 441
1162 482
1163 445
1164 462
1165 451
1166 502
1167 468
1168 425
1169 447
1170 435
1171 431
1172 409
1173 443
1174 455
1175 470
1176 427
1177 461
1178 417
1179 485
1180 427
1181 430
1182 466
1183 466
1184 429
1185 423
1186 462
1187 443
1188 425
1189 432
1190 426
1191 431
1192 435
1193 425
1194 454
1195 423
1196 417
1197 414
1198 407
1199 427
1200 464
1201 425
1202 431
1203 424
1204 427
1205 371
1206 347
1207 404
1208 425
1209 469
1210 421
1211 423
1212 400
1213 405
1214 422
1215 436
1216 396
1217 405
1218 382
1219 403
1220 404
1221 448
1222 429
1223 413
1224 410
1225 410
1226 429
1227 390
1228 419
1229 409
1230 403
1231 392
1232 418
1233 427
1234 387
1235 400
1236 412
1237 431
1238 420
1239 383
1240 402
1241 379
1242 392
1243 362
1244 362
1245 390
1246 390
1247 362
1248 365
1249 362
1250 408
1251 371
1252 370
1253 370
1254 367
1255 337
1256 380
1257 382
1258 376
1259 349
1260 369
1261 390
1262 377
1263 345
1264 382
1265 353
1266 350
1267 392
1268 366
1269 383
1270 387
1271 401
1272 366
1273 357
1274 336
1275 395
1276 372
1277 367
1278 394
1279 375
1280 332
1281 366
1282 396
1283 350
1284 366
1285 338
1286 359
1287 380
1288 393
1289 353
1290 365
1291 381
1292 336
1293 379
1294 362
1295 362
1296 320
1297 342
1298 363
1299 323
1300 347
1301 329
1302 372
1303 307
1304 343
1305 337
1306 347
1307 411
1308 342
1309 335
1310 337
1311 344
1312 360
1313 349
1314 326
1315 336
1316 356
1317 336
1318 330
1319 343
1320 333
1321 328
1322 348
1323 318
1324 331
1325 326
1326 343
1327 330
1328 326
1329 347
1330 358
1331 362
1332 308
1333 340
1334 301
1335 332
1336 310
1337 320
1338 303
1339 309
1340 319
1341 320
1342 347
1343 304
1344 298
1345 338
1346 307
1347 308
1348 362
1349 306
1350 325
1351 293
1352 316
1353 343
1354 322
1355 291
1356 348
1357 288
1358 312
1359 316
1360 300
1361 327
1362 331
1363 300
1364 331
1365 300
1366 298
1367 314
1368 278
1369 279
1370 335
1371 287
1372 317
1373 372
1374 317
1375 302
1376 318
1377 301
1378 311
1379 299
1380 271
1381 304
1382 278
1383 284
1384 310
1385 315
1386 314
1387 320
1388 284
1389 326
1390 289
1391 291
1392 312
1393 285
1394 302
1395 268
1396 290
1397 267
1398 302
1399 317
1400 267
1401 289
1402 279
1403 288
1404 291
1405 272
1406 307
1407 282
1408 307
1409 251
1410 298
1411 296
1412 308
1413 270
1414 267
1415 272
1416 270
1417 298
1418 259
1419 282
1420 269
1421 317
1422 270
1423 237
1424 266
1425 293
1426 272
1427 262
1428 284
1429 254
1430 298
1431 293
1432 265
1433 281
1434 284
1435 267
1436 291
1437 273
1438 278
1439 274
1440 246
1441 276
1442 268
1443 291
1444 282
1445 273
1446 257
1447 278
1448 274
1449 290
1450 272
1451 278
1452 261
1453 273
1454 236
1455 275
1456 270
1457 270
1458 236
1459 249
1460 255
1461 231
1462 279
1463 277
1464 265
1465 251
1466 256
1467 263
1468 271
1469 245
1470 309
1471 254
1472 245
1473 232
1474 244
1475 260
1476 280
1477 263
1478 244
1479 245
1480 252
1481 259
1482 262
1483 262
1484 237
1485 245
1486 243
1487 254
1488 223
1489 256
1490 254
1491 249
1492 275
1493 232
1494 242
1495 263
1496 237
1497 263
1498 262
1499 233
1500 263
1501 242
1502 233
1503 244
1504 225
1505 218
1506 257
1507 225
1508 222
1509 218
1510 248
1511 246
1512 229
1513 268
1514 216
1515 247
1516 204
1517 237
1518 234
1519 233
1520 244
1521 245
1522 216
1523 236
1524 226
1525 251
1526 220
1527 218
1528 228
1529 232
1530 234
1531 237
1532 226
1533 222
1534 213
1535 238
1536 221
1537 231
1538 258
1539 232
1540 223
1541 225
1542 240
1543 228
1544 216
1545 228
1546 237
1547 244
1548 235
1549 226
1550 225
1551 240
1552 202
1553 202
1554 220
1555 213
1556 208
1557 226
1558 235
1559 215
1560 248
1561 259
1562 208
1563 221
1564 211
1565 218
1566 212
1567 236
1568 214
1569 209
1570 231
1571 216
1572 199
1573 217
1574 247
1575 224
1576 178
1577 231
1578 220
1579 200
1580 216
1581 207
1582 219
1583 214
1584 222
1585 206
1586 225
1587 215
1588 221
1589 222
1590 196
1591 210
1592 223
1593 199
1594 200
1595 197
1596 211
1597 226
1598 213
1599 219
1600 196
1601 214
1602 212
1603 221
1604 174
1605 196
1606 188
1607 229
1608 211
1609 204
1610 174
1611 185
1612 198
1613 192
1614 173
1615 204
1616 217
1617 193
1618 200
1619 208
1620 229
1621 193
1622 196
1623 184
1624 200
1625 224
1626 187
1627 212
1628 211
1629 189
1630 194
1631 189
1632 182
1633 173
1634 202
1635 187
1636 194
1637 214
1638 187
1639 180
1640 190
1641 175
1642 185
1643 181
1644 186
1645 202
1646 211
1647 194
1648 186
1649 177
1650 209
1651 209
1652 190
1653 194
1654 170
1655 215
1656 198
1657 192
1658 191
1659 192
1660 166
1661 188
1662 189
1663 202
1664 197
1665 161
1666 222
1667 193
1668 200
1669 212
1670 190
1671 211
1672 190
1673 200
1674 172
1675 199
1676 163
1677 184
1678 178
1679 197
1680 184
1681 187
1682 189
1683 203
1684 184
1685 198
1686 190
1687 204
1688 181
1689 192
1690 174
1691 164
1692 184
1693 183
1694 176
1695 184
1696 172
1697 195
1698 191
1699 173
1700 162
1701 170
1702 213
1703 182
1704 161
1705 157
1706 181
1707 170
1708 201
1709 204
1710 177
1711 174
1712 187
1713 176
1714 183
1715 170
1716 158
1717 178
1718 166
1719 184
1720 189
1721 174
1722 192
1723 161
1724 195
1725 181
1726 191
1727 191
1728 192
1729 169
1730 151
1731 176
1732 181
1733 184
1734 159
1735 178
1736 191
1737 116
1738 159
1739 166
1740 158
1741 148
1742 161
1743 157
1744 184
1745 144
1746 185
1747 179
1748 141
1749 169
1750 147
1751 168
1752 160
1753 201
1754 156
1755 174
1756 161
1757 163
1758 140
1759 178
1760 171
1761 155
1762 172
1763 183
1764 176
1765 150
1766 161
1767 173
1768 165
1769 178
1770 159
1771 150
1772 146
1773 154
1774 160
1775 151
1776 151
1777 164
1778 160
1779 167
1780 155
1781 162
1782 157
1783 159
1784 163
1785 150
1786 142
1787 173
1788 143
1789 156
1790 145
1791 165
1792 165
1793 171
1794 138
1795 151
1796 166
1797 151
1798 157
1799 156
1800 163
1801 153
1802 142
1803 123
1804 140
1805 130
1806 173
1807 142
1808 145
1809 160
1810 162
1811 161
1812 131
1813 162
1814 153
1815 149
1816 149
1817 157
1818 152
1819 138
1820 166
1821 159
1822 159
1823 151
1824 141
1825 132
1826 147
1827 118
1828 165
1829 148
1830 126
1831 154
1832 152
1833 153
1834 142
1835 133
1836 164
1837 164
1838 180
1839 156
1840 163
1841 155
1842 162
1843 141
1844 159
1845 144
1846 151
1847 166
1848 165
1849 158
1850 174
1851 154
1852 134
1853 149
1854 129
1855 125
1856 133
1857 154
1858 136
1859 145
1860 133
1861 162
1862 168
1863 145
1864 130
1865 138
1866 145
1867 148
1868 149
1869 134
1870 152
1871 130
1872 131
1873 123
1874 142
1875 143
1876 125
1877 137
1878 118
1879 119
1880 142
1881 156
1882 138
1883 143
1884 143
1885 140
1886 137
1887 151
1888 124
1889 162
1890 153
1891 151
1892 144
1893 123
1894 149
1895 135
1896 128
1897 137
1898 124
1899 126
1900 134
1901 145
1902 131
1903 133
1904 146
1905 141
1906 148
1907 124
1908 158
1909 132
1910 161
1911 156
1912 129
1913 161
1914 142
1915 154
1916 143
1917 149
1918 151
1919 142
1920 143
1921 130
1922 151
1923 137
1924 127
1925 131
1926 117
1927 150
1928 120
1929 127
1930 118
1931 140
1932 134
1933 140
1934 140
1935 148
1936 122
1937 137
1938 138
1939 140
1940 139
1941 125
1942 103
1943 105
1944 143
1945 133
1946 137
1947 147
1948 139
1949 141
1950 119
1951 135
1952 129
1953 134
1954 126
1955 152
1956 145
1957 118
1958 117
1959 125
1960 140
1961 118
1962 107
1963 123
1964 138
1965 140
1966 129
1967 134
1968 148
1969 133
1970 108
1971 133
1972 133
1973 134
1974 121
1975 115
1976 109
1977 126
1978 113
1979 125
1980 102
1981 129
1982 110
1983 105
1984 123
1985 131
1986 130
1987 113
1988 110
1989 137
1990 147
1991 121
1992 129
1993 129
1994 108
1995 139
1996 130
1997 122
1998 100
1999 118
2000 107
2001 122
2002 129
2003 117
2004 122
2005 115
2006 110
2007 124
2008 111
2009 127
2010 108
2011 115
2012 144
2013 117
2014 122
2015 113
2016 118
2017 109
2018 115
2019 131
2020 124
2021 101
2022 124
2023 112
2024 127
2025 120
2026 106
2027 115
2028 131
2029 120
2030 126
2031 131
2032 113
2033 103
2034 135
2035 119
2036 127
2037 93
2038 126
2039 120
2040 127
2041 108
2042 114
2043 110
2044 104
2045 109
2046 136
2047 116
2048 124
2049 120
2050 132
2051 126
2052 106
2053 112
2054 101
2055 117
2056 126
2057 109
2058 106
2059 103
2060 126
2061 110
2062 122
2063 120
2064 116
2065 107
2066 110
2067 107
2068 95
2069 111
2070 99
2071 138
2072 112
2073 112
2074 121
2075 94
2076 127
2077 117
2078 118
2079 122
2080 122
2081 119
2082 103
2083 105
2084 119
2085 114
2086 97
2087 102
2088 99
2089 101
2090 116
2091 100
2092 113
2093 112
2094 119
2095 109
2096 120
2097 92
2098 103
2099 92
2100 91
2101 119
2102 108
2103 105
2104 101
2105 105
2106 112
2107 121
2108 134
2109 115
2110 111
2111 113
2112 119
2113 100
2114 112
2115 104
2116 92
2117 105
2118 106
2119 114
2120 99
2121 97
2122 86
2123 117
2124 113
2125 114
2126 104
2127 96
2128 116
2129 109
2130 92
2131 100
2132 85
2133 115
2134 104
2135 123
2136 97
2137 107
2138 111
2139 102
2140 111
2141 106
2142 102
2143 103
2144 106
2145 106
2146 111
2147 99
2148 107
2149 127
2150 125
2151 100
2152 97
2153 111
2154 91
2155 98
2156 88
2157 124
2158 83
2159 94
2160 96
2161 112
2162 99
2163 110
2164 107
2165 91
2166 114
2167 111
2168 102
2169 93
2170 96
2171 84
2172 101
2173 94
2174 97
2175 109
2176 103
2177 93
2178 120
2179 101
2180 102
2181 79
2182 83
2183 104
2184 91
2185 97
2186 93
2187 94
2188 84
2189 92
2190 95
2191 114
2192 103
2193 82
2194 92
2195 105
2196 92
2197 103
2198 86
2199 100
2200 93
2201 103
2202 102
2203 115
2204 98
2205 100
2206 94
2207 102
2208 129
2209 100
2210 110
2211 95
2212 95
2213 105
2214 102
2215 96
2216 87
2217 100
2218 103
2219 98
2220 102
2221 93
2222 82
2223 84
2224 104
2225 73
2226 113
2227 96
2228 85
2229 88
2230 88
2231 89
2232 82
2233 90
2234 85
2235 102
2236 88
2237 113
2238 99
2239 96
2240 80
2241 77
2242 104
2243 88
2244 109
2245 95
2246 87
2247 76
2248 94
2249 97
2250 97
2251 92
2252 88
2253 93
2254 88
2255 87
2256 96
2257 93
2258 99
2259 80
2260 76
2261 85
2262 101
2263 97
2264 105
2265 109
2266 80
2267 91
2268 79
2269 87
2270 103
2271 90
2272 88
2273 90
2274 83
2275 72
2276 88
2277 99
2278 99
2279 103
2280 99
2281 105
2282 78
2283 87
2284 115
2285 81
2286 91
2287 95
2288 95
2289 93
2290 87
2291 89
2292 79
2293 81
2294 76
2295 90
2296 79
2297 77
2298 87
2299 78
2300 92
2301 83
2302 96
2303 87
2304 93
2305 96
2306 85
2307 73
2308 78
2309 86
2310 93
2311 91
2312 103
2313 105
2314 70
2315 67
2316 107
2317 82
2318 67
2319 93
2320 94
2321 86
2322 85
2323 81
2324 79
2325 90
2326 87
2327 79
2328 86
2329 76
2330 87
2331 80
2332 82
2333 69
2334 84
2335 86
2336 73
2337 86
2338 64
2339 83
2340 105
2341 82
2342 74
2343 69
2344 88
2345 78
2346 97
2347 83
2348 78
2349 97
2350 96
2351 74
2352 90
2353 100
2354 78
2355 80
2356 70
2357 81
2358 94
2359 80
2360 82
2361 85
2362 87
2363 88
2364 83
2365 84
2366 88
2367 71
2368 84
2369 83
2370 85
2371 86
2372 70
2373 73
2374 80
2375 86
2376 81
2377 93
2378 74
2379 81
2380 78
2381 80
2382 85
2383 87
2384 91
2385 76
2386 75
2387 87
2388 63
2389 74
2390 89
2391 86
2392 71
2393 84
2394 80
2395 75
2396 75
2397 91
2398 79
2399 78
2400 85
2401 74
2402 87
2403 77
2404 77
2405 73
2406 69
2407 71
2408 82
2409 62
2410 77
2411 74
2412 77
2413 83
2414 83
2415 78
2416 77
2417 79
2418 72
2419 87
2420 65
2421 65
2422 71
2423 89
2424 84
2425 65
2426 64
2427 65
2428 71
2429 76
2430 79
2431 79
2432 77
2433 72
2434 70
2435 76
2436 70
2437 59
2438 74
2439 70
2440 81
2441 75
2442 75
2443 71
2444 76
2445 81
2446 73
2447 80
2448 94
2449 74
2450 80
2451 78
2452 65
2453 76
2454 88
2455 71
2456 63
2457 78
2458 79
2459 79
2460 81
2461 80
2462 73
2463 59
2464 86
2465 88
2466 75
2467 83
2468 72
2469 66
2470 72
2471 78
2472 66
2473 73
2474 93
2475 78
2476 97
2477 66
2478 91
2479 72
2480 61
2481 76
2482 76
2483 78
2484 71
2485 75
2486 62
2487 69
2488 73
2489 70
2490 67
2491 59
2492 66
2493 70
2494 72
2495 68
2496 66
2497 73
2498 54
2499 68
2500 70
2501 61
2502 81
2503 82
2504 91
2505 82
2506 62
2507 56
2508 62
2509 72
2510 81
2511 59
2512 78
2513 78
2514 79
2515 67
2516 88
2517 58
2518 61
2519 63
2520 83
2521 65
2522 68
2523 76
2524 55
2525 66
2526 72
2527 70
2528 66
2529 68
2530 52
2531 69
2532 71
2533 67
2534 69
2535 54
2536 69
2537 62
2538 64
2539 67
2540 77
2541 58
2542 71
2543 60
2544 60
2545 82
2546 69
2547 67
2548 79
2549 83
2550 70
2551 68
2552 67
2553 61
2554 55
2555 59
2556 53
2557 57
2558 72
2559 75
2560 68
2561 51
2562 71
2563 86
2564 73
2565 63
2566 60
2567 84
2568 61
2569 75
2570 65
2571 69
2572 73
2573 72
2574 65
2575 76
2576 71
2577 68
2578 63
2579 59
2580 53
2581 60
2582 79
2583 71
2584 70
2585 47
2586 51
2587 68
2588 55
2589 70
2590 78
2591 66
2592 75
2593 75
2594 72
2595 61
2596 78
2597 76
2598 77
2599 56
2600 57
2601 48
2602 60
2603 58
2604 61
2605 62
2606 64
2607 61
2608 62
2609 63
2610 74
2611 72
2612 57
2613 68
2614 91
2615 61
2616 84
2617 64
2618 57
2619 58
2620 72
2621 65
2622 71
2623 66
2624 70
2625 64
2626 64
2627 58
2628 64
2629 55
2630 62
2631 49
2632 57
2633 57
2634 67
2635 71
2636 65
2637 63
2638 54
2639 55
2640 68
2641 60
2642 39
2643 57
2644 67
2645 55
2646 58
2647 59
2648 71
2649 57
2650 57
2651 62
2652 70
2653 57
2654 58
2655 52
2656 55
2657 52
2658 60
2659 58
2660 70
2661 49
2662 49
2663 61
2664 60
2665 60
2666 57
2667 68
2668 66
2669 51
2670 54
2671 58
2672 56
2673 61
2674 58
2675 74
2676 61
2677 62
2678 50
2679 58
2680 56
2681 57
2682 60
2683 69
2684 60
2685 74
2686 67
2687 61
2688 70
2689 56
2690 51
2691 70
2692 65
2693 62
2694 67
2695 51
2696 55
2697 59
2698 53
2699 65
2700 55
2701 64
2702 50
2703 61
2704 65
2705 44
2706 54
2707 64
2708 59
2709 50
2710 80
2711 58
2712 46
2713 61
2714 62
2715 55
2716 50
2717 51
2718 71
2719 62
2720 65
2721 58
2722 53
2723 70
2724 55
2725 62
2726 50
2727 50
2728 54
2729 62
2730 57
2731 69
2732 62
2733 43
2734 59
2735 69
2736 55
2737 56
2738 69
2739 60
2740 63
2741 48
2742 52
2743 54
2744 63
2745 52
2746 58
2747 57
2748 52
2749 52
2750 62
2751 45
2752 69
2753 50
2754 54
2755 57
2756 47
2757 57
2758 59
2759 42
2760 59
2761 57
2762 50
2763 46
2764 47
2765 60
2766 64
2767 59
2768 55
2769 51
2770 56
2771 66
2772 63
2773 50
2774 48
2775 50
2776 65
2777 60
2778 49
2779 68
2780 52
2781 55
2782 55
2783 63
2784 62
2785 47
2786 65
2787 44
2788 52
2789 57
2790 61
2791 57
2792 57
2793 61
2794 56
2795 60
2796 50
2797 49
2798 48
2799 58
2800 56
2801 46
2802 56
2803 46
2804 62
2805 47
2806 57
2807 45
2808 51
2809 52
2810 62
2811 49
2812 54
2813 51
2814 59
2815 56
2816 56
2817 51
2818 52
2819 50
2820 62
2821 60
2822 52
2823 53
2824 52
2825 56
2826 55
2827 66
2828 51
2829 52
2830 67
2831 57
2832 63
2833 50
2834 53
2835 68
2836 57
2837 57
2838 59
2839 56
2840 58
2841 71
2842 54
2843 51
2844 66
2845 43
2846 54
2847 63
2848 49
2849 50
2850 45
2851 48
2852 51
2853 49
2854 59
2855 46
2856 59
2857 44
2858 61
2859 63
2860 46
2861 47
2862 65
2863 48
2864 54
2865 55
2866 56
2867 49
2868 59
2869 48
2870 62
2871 56
2872 52
2873 51
2874 56
2875 42
2876 67
2877 50
2878 58
2879 57
2880 47
2881 50
2882 65
2883 46
2884 52
2885 43
2886 49
2887 53
2888 46
2889 58
2890 55
2891 56
2892 44
2893 59
2894 46
2895 62
2896 49
2897 55
2898 52
2899 46
2900 36
2901 53
2902 50
2903 45
2904 43
2905 54
2906 47
2907 54
2908 44
2909 46
2910 50
2911 50
2912 49
2913 47
2914 42
2915 47
2916 55
2917 39
2918 53
2919 52
2920 47
2921 50
2922 65
2923 47
2924 38
2925 50
2926 41
2927 67
2928 44
2929 53
2930 55
2931 42
2932 51
2933 55
2934 48
2935 41
2936 46
2937 51
2938 46
2939 43
2940 53
2941 56
2942 44
2943 41
2944 47
2945 37
2946 58
2947 56
2948 38
2949 55
2950 44
2951 45
2952 78
2953 46
2954 43
2955 48
2956 50
2957 51
2958 56
2959 48
2960 54
2961 52
2962 48
2963 51
2964 42
2965 35
2966 48
2967 46
2968 43
2969 57
2970 44
2971 51
2972 43
2973 43
2974 45
2975 46
2976 56
2977 35
2978 38
2979 57
2980 47
2981 53
2982 51
2983 55
2984 46
2985 48
2986 41
2987 46
2988 55
2989 51
2990 46
2991 44
2992 42
2993 44
2994 49
2995 53
2996 48
2997 55
2998 48
2999 36
3000 44
3001 53
3002 52
3003 38
3004 48
3005 55
3006 41
3007 53
3008 56
3009 45
3010 42
3011 44
3012 40
3013 47
3014 39
3015 47
3016 63
3017 45
3018 43
3019 33
3020 35
3021 41
3022 51
3023 45
3024 54
3025 47
3026 44
3027 51
3028 32
3029 38
3030 49
3031 41
3032 40
3033 49
3034 37
3035 42
3036 45
3037 48
3038 53
3039 43
3040 44
3041 46
3042 46
3043 54
3044 49
3045 48
3046 37
3047 40
3048 45
3049 49
3050 53
3051 38
3052 52
3053 58
3054 55
3055 39
3056 54
3057 38
3058 32
3059 40
3060 43
3061 38
3062 43
3063 42
3064 45
3065 43
3066 38
3067 49
3068 36
3069 54
3070 48
3071 47
3072 46
3073 30
3074 41
3075 48
3076 36
3077 48
3078 39
3079 41
3080 37
3081 53
3082 48
3083 48
3084 32
3085 41
3086 31
3087 33
3088 36
3089 42
3090 50
3091 39
3092 51
3093 38
3094 48
3095 47
3096 34
3097 49
3098 33
3099 48
3100 38
3101 41
3102 33
3103 37
3104 45
3105 53
3106 32
3107 36
3108 33
3109 40
3110 48
3111 39
3112 38
3113 34
3114 40
3115 43
3116 46
3117 49
3118 36
3119 43
3120 38
3121 34
3122 42
3123 37
3124 45
3125 38
3126 45
3127 42
3128 43
3129 55
3130 37
3131 41
3132 49
3133 49
3134 45
3135 40
3136 45
3137 45
3138 38
3139 48
3140 54
3141 45
3142 41
3143 48
3144 38
3145 35
3146 56
3147 35
3148 36
3149 32
3150 49
3151 40
3152 32
3153 44
3154 36
3155 40
3156 49
3157 36
3158 38
3159 43
3160 52
3161 44
3162 43
3163 40
3164 46
3165 40
3166 43
3167 44
3168 39
3169 54
3170 33
3171 39
3172 37
3173 32
3174 48
3175 27
3176 48
3177 32
3178 30
3179 44
3180 40
3181 31
3182 45
3183 34
3184 48
3185 52
3186 33
3187 46
3188 34
3189 48
3190 26
3191 30
3192 39
3193 38
3194 31
3195 38
3196 34
3197 44
3198 42
3199 49
3200 41
3201 40
3202 53
3203 45
3204 35
3205 42
3206 48
3207 44
3208 37
3209 37
3210 43
3211 38
3212 52
3213 37
3214 27
3215 45
3216 31
3217 38
3218 45
3219 41
3220 38
3221 40
3222 44
3223 35
3224 44
3225 40
3226 40
3227 39
3228 44
3229 42
3230 37
3231 45
3232 44
3233 29
3234 32
3235 43
3236 40
3237 35
3238 34
3239 30
3240 37
3241 39
3242 28
3243 32
3244 56
3245 43
3246 40
3247 37
3248 27
3249 45
3250 44
3251 43
3252 42
3253 45
3254 30
3255 49
3256 43
3257 39
3258 44
3259 23
3260 40
3261 42
3262 45
3263 41
3264 39
3265 37
3266 41
3267 36
3268 35
3269 43
3270 42
3271 42
3272 43
3273 42
3274 43
3275 41
3276 33
3277 42
3278 23
3279 36
3280 36
3281 32
3282 31
3283 32
3284 56
3285 26
3286 35
3287 49
3288 33
3289 21
3290 35
3291 38
3292 31
3293 36
3294 37
3295 26
3296 49
3297 35
3298 40
3299 33
3300 34
3301 33
3302 42
3303 34
3304 40
3305 42
3306 46
3307 48
3308 48
3309 39
3310 39
3311 35
3312 39
3313 51
3314 36
3315 43
3316 37
3317 33
3318 29
3319 29
3320 40
3321 28
3322 42
3323 43
3324 40
3325 39
3326 32
3327 43
3328 39
3329 32
3330 39
3331 43
3332 32
3333 38
3334 35
3335 34
3336 38
3337 44
3338 40
3339 34
3340 25
3341 36
3342 31
3343 35
3344 38
3345 26
3346 41
3347 40
3348 38
3349 31
3350 51
3351 36
3352 31
3353 31
3354 38
3355 40
3356 33
3357 32
3358 36
3359 56
3360 35
3361 53
3362 44
3363 44
3364 44
3365 36
3366 35
3367 37
3368 31
3369 35
3370 26
3371 25
3372 34
3373 33
3374 33
3375 32
3376 37
3377 32
3378 44
3379 40
3380 35
3381 33
3382 42
3383 38
3384 28
3385 31
3386 29
3387 43
3388 32
3389 39
3390 34
3391 34
3392 56
3393 27
3394 33
3395 45
3396 28
3397 29
3398 27
3399 28
3400 34
3401 39
3402 43
3403 26
3404 45
3405 28
3406 33
3407 35
3408 37
3409 41
3410 36
3411 31
3412 33
3413 35
3414 37
3415 29
3416 33
3417 36
3418 44
3419 26
3420 36
3421 24
3422 34
3423 25
3424 42
3425 34
3426 33
3427 32
3428 39
3429 34
3430 37
3431 32
3432 43
3433 34
3434 34
3435 34
3436 45
3437 39
3438 32
3439 40
3440 42
3441 35
3442 31
3443 38
3444 36
3445 29
3446 39
3447 26
3448 40
3449 41
3450 35
3451 42
3452 37
3453 42
3454 38
3455 46
3456 33
3457 32
3458 32
3459 38
3460 32
3461 32
3462 35
3463 32
3464 23
3465 24
3466 37
3467 35
3468 28
3469 38
3470 41
3471 34
3472 38
3473 32
3474 32
3475 33
3476 23
3477 25
3478 40
3479 41
3480 32
3481 31
3482 34
3483 47
3484 26
3485 37
3486 25
3487 39
3488 31
3489 35
3490 27
3491 28
3492 28
3493 33
3494 27
3495 38
3496 25
3497 36
3498 25
3499 33
3500 29
3501 28
3502 34
3503 27
3504 34
3505 36
3506 38
3507 33
3508 37
3509 36
3510 32
3511 31
3512 26
3513 29
3514 30
3515 38
3516 28
3517 25
3518 36
3519 35
3520 27
3521 30
3522 34
3523 33
3524 30
3525 32
3526 34
3527 22
3528 26
3529 42
3530 27
3531 28
3532 32
3533 33
3534 34
3535 33
3536 36
3537 25
3538 34
3539 44
3540 29
3541 27
3542 33
3543 30
3544 29
3545 37
3546 28
3547 39
3548 29
3549 27
3550 34
3551 28
3552 37
3553 23
3554 27
3555 42
3556 31
3557 19
3558 37
3559 50
3560 22
3561 28
3562 37
3563 43
3564 42
3565 36
3566 24
3567 28
3568 29
3569 34
3570 30
3571 32
3572 34
3573 36
3574 38
3575 37
3576 27
3577 36
3578 33
3579 31
3580 25
3581 25
3582 34
3583 44
3584 33
3585 26
3586 27
3587 30
3588 28
3589 34
3590 31
3591 18
3592 40
3593 26
3594 24
3595 39
3596 30
3597 31
3598 23
3599 28
3600 29
3601 34
3602 36
3603 31
3604 32
3605 25
3606 42
3607 32
3608 32
3609 31
3610 30
3611 40
3612 37
3613 25
3614 32
3615 33
3616 25
3617 37
3618 25
3619 22
3620 25
3621 24
3622 26
3623 25
3624 36
3625 31
3626 37
3627 26
3628 36
3629 25
3630 36
3631 35
3632 30
3633 23
3634 39
3635 32
3636 28
3637 27
3638 28
3639 23
3640 28
3641 29
3642 28
3643 39
3644 29
3645 34
3646 27
3647 29
3648 31
3649 40
3650 30
3651 30
3652 32
3653 30
3654 31
3655 43
3656 26
3657 31
3658 35
3659 28
3660 34
3661 34
3662 37
3663 26
3664 35
3665 28
3666 27
3667 38
3668 35
3669 30
3670 26
3671 21
3672 42
3673 35
3674 40
3675 33
3676 24
3677 25
3678 23
3679 35
3680 28
3681 29
3682 43
3683 26
3684 28
3685 28
3686 24
3687 24
3688 27
3689 25
3690 29
3691 31
3692 21
3693 36
3694 25
3695 35
3696 29
3697 31
3698 31
3699 40
3700 23
3701 31
3702 23
3703 34
3704 31
3705 26
3706 23
3707 30
3708 29
3709 23
3710 28
3711 30
3712 25
3713 34
3714 39
3715 28
3716 35
3717 29
3718 25
3719 36
3720 34
3721 35
3722 33
3723 39
3724 29
3725 40
3726 27
3727 36
3728 25
3729 30
3730 35
3731 26
3732 20
3733 34
3734 28
3735 32
3736 31
3737 39
3738 22
3739 22
3740 28
3741 32
3742 34
3743 24
3744 33
3745 28
3746 39
3747 31
3748 32
3749 27
3750 28
3751 23
3752 31
3753 15
3754 28
3755 27
3756 33
3757 21
3758 33
3759 33
3760 33
3761 29
3762 30
3763 20
3764 28
3765 28
3766 38
3767 28
3768 43
3769 35
3770 31
3771 29
3772 26
3773 36
3774 23
3775 21
3776 26
3777 24
3778 36
3779 27
3780 29
3781 31
3782 28
3783 23
3784 33
3785 22
3786 20
3787 33
3788 26
3789 29
3790 29
3791 21
3792 25
3793 17
3794 32
3795 26
3796 38
3797 31
3798 30
3799 23
3800 34
3801 35
3802 24
3803 28
3804 23
3805 25
3806 25
3807 24
3808 31
3809 28
3810 23
3811 18
3812 34
3813 32
3814 29
3815 29
3816 24
3817 23
3818 21
3819 29
3820 25
3821 30
3822 43
3823 29
3824 33
3825 28
3826 28
3827 28
3828 20
3829 22
3830 22
3831 23
3832 25
3833 25
3834 31
3835 30
3836 21
3837 15
3838 25
3839 28
3840 26
3841 24
3842 25
3843 42
3844 30
3845 12
3846 18
3847 29
3848 28
3849 27
3850 39
3851 30
3852 25
3853 29
3854 25
3855 23
3856 31
3857 35
3858 29
3859 27
3860 31
3861 30
3862 18
3863 26
3864 27
3865 31
3866 34
3867 20
3868 33
3869 29
3870 27
3871 20
3872 31
3873 27
3874 28
3875 28
3876 38
3877 23
3878 26
3879 31
3880 24
3881 31
3882 35
3883 24
3884 28
3885 34
3886 38
3887 25
3888 20
3889 26
3890 34
3891 24
3892 21
3893 24
3894 21
3895 32
3896 30
3897 22
3898 23
3899 24
3900 32
3901 35
3902 34
3903 25
3904 26
3905 26
3906 32
3907 39
3908 21
3909 28
3910 24
3911 20
3912 26
3913 25
3914 28
3915 29
3916 29
3917 29
3918 34
3919 36
3920 29
3921 31
3922 25
3923 31
3924 26
3925 33
3926 21
3927 17
3928 28
3929 23
3930 33
3931 19
3932 22
3933 26
3934 32
3935 19
3936 30
3937 24
3938 28
3939 30
3940 21
3941 22
3942 19
3943 24
3944 21
3945 24
3946 25
3947 23
3948 31
3949 31
3950 29
3951 27
3952 20
3953 26
3954 28
3955 31
3956 27
3957 30
3958 16
3959 24
3960 26
3961 21
3962 24
3963 31
3964 23
3965 33
3966 24
3967 24
3968 27
3969 27
3970 32
3971 26
3972 29
3973 24
3974 28
3975 19
3976 28
3977 22
3978 23
3979 24
3980 34
3981 18
3982 27
3983 21
3984 21
3985 32
3986 22
3987 38
3988 37
3989 35
3990 24
3991 20
3992 24
3993 28
3994 25
3995 24
3996 28
3997 19
3998 31
3999 29
4000 34
4001 25
4002 20
4003 27
4004 17
4005 19
4006 27
4007 25
4008 22
4009 27
4010 28
4011 37
4012 31
4013 29
4014 26
4015 27
4016 16
4017 20
4018 18
4019 18
4020 34
4021 21
4022 29
4023 33
4024 25
4025 29
4026 31
4027 29
4028 20
4029 18
4030 30
4031 19
4032 24
4033 37
4034 20
4035 25
4036 23
4037 25
4038 24
4039 23
4040 29
4041 21
4042 31
4043 33
4044 24
4045 24
4046 28
4047 27
4048 37
4049 20
4050 21
4051 20
4052 19
4053 22
4054 27
4055 21
4056 18
4057 20
4058 27
4059 22
4060 23
4061 22
4062 29
4063 18
4064 13
4065 21
4066 17
4067 25
4068 25
4069 29
4070 26
4071 28
4072 28
4073 18
4074 21
4075 21
4076 24
4077 23
4078 24
4079 33
4080 31
4081 17
4082 29
4083 23
4084 24
4085 22
4086 24
4087 19
4088 22
4089 23
4090 24
4091 31
4092 19
4093 27
4094 22
4095 23
4096 27
4097 23
4098 22
4099 22
4100 20
4101 24
4102 15
4103 16
4104 26
4105 36
4106 18
4107 31
4108 20
4109 38
4110 20
4111 33
4112 23
4113 24
4114 19
4115 23
4116 21
4117 21
4118 29
4119 13
4120 26
4121 25
4122 21
4123 27
4124 26
4125 21
4126 23
4127 20
4128 17
4129 25
4130 20
4131 24
4132 20
4133 23
4134 23
4135 11
4136 20
4137 29
4138 25
4139 19
4140 28
4141 31
4142 24
4143 29
4144 18
4145 29
4146 22
4147 37
4148 19
4149 34
4150 29
4151 24
4152 34
4153 26
4154 26
4155 28
4156 25
4157 22
4158 21
4159 27
4160 27
4161 18
4162 17
4163 26
4164 27
4165 22
4166 18
4167 28
4168 24
4169 20
4170 21
4171 22
4172 24
4173 34
4174 23
4175 23
4176 29
4177 34
4178 24
4179 16
4180 17
4181 26
4182 20
4183 23
4184 25
4185 28
4186 18
4187 25
4188 38
4189 23
4190 22
4191 24
4192 24
4193 24
4194 25
4195 21
4196 26
4197 21
4198 19
4199 17
4200 22
4201 23
4202 19
4203 27
4204 25
4205 24
4206 23
4207 24
4208 20
4209 16
4210 19
4211 25
4212 21
4213 23
4214 25
4215 20
4216 15
4217 24
4218 10
4219 16
4220 22
4221 28
4222 13
4223 24
4224 25
4225 23
4226 21
4227 23
4228 10
4229 22
4230 23
4231 26
4232 16
4233 23
4234 25
4235 18
4236 32
4237 25
4238 23
4239 15
4240 24
4241 22
4242 23
4243 27
4244 36
4245 25
4246 23
4247 23
4248 22
4249 21
4250 28
4251 18
4252 22
4253 19
4254 21
4255 20
4256 28
4257 18
4258 18
4259 42
4260 25
4261 21
4262 25
4263 24
4264 18
4265 23
4266 26
4267 21
4268 29
4269 18
4270 27
4271 20
4272 25
4273 15
4274 22
4275 19
4276 23
4277 23
4278 29
4279 19
4280 18
4281 21
4282 18
4283 23
4284 24
4285 26
4286 21
4287 26
4288 21
4289 21
4290 19
4291 26
4292 24
4293 25
4294 23
4295 17
4296 28
4297 24
4298 24
4299 25
4300 28
4301 24
4302 25
4303 21
4304 22
4305 21
4306 20
4307 21
4308 21
4309 19
4310 20
4311 22
4312 21
4313 23
4314 28
4315 18
4316 35
4317 13
4318 18
4319 20
4320 21
4321 16
4322 25
4323 19
4324 22
4325 22
4326 21
4327 13
4328 17
4329 17
4330 15
4331 17
4332 22
4333 21
4334 18
4335 16
4336 25
4337 23
4338 21
4339 18
4340 24
4341 31
4342 27
4343 25
4344 21
4345 17
4346 23
4347 19
4348 26
4349 20
4350 12
4351 9
4352 26
4353 12
4354 15
4355 18
4356 20
4357 23
4358 22
4359 24
4360 21
4361 19
4362 25
4363 18
4364 16
4365 26
4366 17
4367 22
4368 21
4369 19
4370 19
4371 21
4372 19
4373 21
4374 17
4375 31
4376 18
4377 30
4378 26
4379 24
4380 16
4381 20
4382 20
4383 18
4384 18
4385 19
4386 25
4387 11
4388 19
4389 23
4390 29
4391 19
4392 18
4393 22
4394 19
4395 19
4396 17
4397 18
4398 34
4399 20
4400 19
4401 18
4402 20
4403 26
4404 20
4405 21
4406 22
4407 19
4408 14
4409 28
4410 17
4411 21
4412 18
4413 22
4414 26
4415 20
4416 33
4417 18
4418 15
4419 19
4420 19
4421 19
4422 13
4423 24
4424 22
4425 23
4426 19
4427 13
4428 27
4429 24
4430 16
4431 20
4432 23
4433 25
4434 21
4435 12
4436 25
4437 18
4438 21
4439 20
4440 24
4441 21
4442 26
4443 21
4444 24
4445 22
4446 18
4447 26
4448 20
4449 17
4450 24
4451 16
4452 24
4453 20
4454 25
4455 20
4456 15
4457 19
4458 21
4459 24
4460 22
4461 20
4462 27
4463 19
4464 10
4465 17
4466 15
4467 20
4468 19
4469 26
4470 18
4471 22
4472 22
4473 30
4474 15
4475 19
4476 19
4477 22
4478 21
4479 29
4480 17
4481 14
4482 30
4483 23
4484 14
4485 19
4486 23
4487 21
4488 29
4489 15
4490 21
4491 26
4492 16
4493 17
4494 13
4495 22
4496 21
4497 16
4498 23
4499 13
4500 26
4501 19
4502 23
4503 35
4504 23
4505 21
4506 26
4507 20
4508 19
4509 22
4510 31
4511 19
4512 20
4513 20
4514 21
4515 19
4516 18
4517 18
4518 12
4519 24
4520 13
4521 23
4522 24
4523 16
4524 23
4525 18
4526 19
4527 18
4528 18
4529 10
4530 22
4531 13
4532 23
4533 16
4534 24
4535 17
4536 13
4537 18
4538 23
4539 25
4540 14
4541 15
4542 22
4543 24
4544 14
4545 24
4546 19
4547 23
4548 21
4549 19
4550 12
4551 28
4552 29
4553 23
4554 20
4555 24
4556 21
4557 15
4558 16
4559 31
4560 23
4561 21
4562 23
4563 16
4564 21
4565 22
4566 15
4567 26
4568 15
4569 19
4570 15
4571 21
4572 12
4573 16
4574 12
4575 20
4576 26
4577 13
4578 26
4579 18
4580 13
4581 18
4582 19
4583 27
4584 32
4585 25
4586 22
4587 23
4588 16
4589 14
4590 18
4591 20
4592 21
4593 25
4594 16
4595 28
4596 16
4597 28
4598 22
4599 22
4600 22
4601 20
4602 17
4603 14
4604 18
4605 19
4606 23
4607 22
4608 18
4609 18
4610 27
4611 25
4612 20
4613 19
4614 15
4615 24
4616 16
4617 18
4618 17
4619 25
4620 23
4621 14
4622 20
4623 18
4624 20
4625 18
4626 18
4627 19
4628 14
4629 13
4630 24
4631 13
4632 25
4633 15
4634 17
4635 25
4636 19
4637 25
4638 15
4639 20
4640 25
4641 25
4642 23
4643 18
4644 17
4645 21
4646 19
4647 14
4648 23
4649 33
4650 21
4651 19
4652 16
4653 24
4654 25
4655 21
4656 17
4657 28
4658 22
4659 15
4660 18
4661 18
4662 26
4663 24
4664 20
4665 11
4666 20
4667 27
4668 20
4669 17
4670 22
4671 14
4672 21
4673 18
4674 17
4675 24
4676 16
4677 21
4678 19
4679 16
4680 21
4681 21
4682 11
4683 15
4684 17
4685 14
4686 24
4687 17
4688 21
4689 19
4690 23
4691 24
4692 18
4693 20
4694 21
4695 15
4696 22
4697 16
4698 16
4699 17
4700 18
4701 24
4702 19
4703 19
4704 16
4705 19
4706 14
4707 19
4708 21
4709 20
4710 19
4711 12
4712 24
4713 21
4714 12
4715 20
4716 25
4717 17
4718 18
4719 10
4720 21
4721 18
4722 21
4723 23
4724 19
4725 22
4726 18
4727 13
4728 21
4729 20
4730 29
4731 14
4732 24
4733 22
4734 23
4735 25
4736 14
4737 28
4738 15
4739 17
4740 16
4741 22
4742 22
4743 30
4744 21
4745 17
4746 27
4747 21
4748 10
4749 20
4750 19
4751 20
4752 15
4753 16
4754 16
4755 26
4756 20
4757 21
4758 22
4759 23
4760 18
4761 18
4762 14
4763 22
4764 15
4765 16
4766 13
4767 23
4768 19
4769 18
4770 19
4771 21
4772 26
4773 17
4774 17
4775 19
4776 24
4777 26
4778 21
4779 23
4780 23
4781 14
4782 24
4783 16
4784 19
4785 13
4786 22
4787 17
4788 24
4789 25
4790 19
4791 23
4792 29
4793 20
4794 20
4795 16
4796 10
4797 24
4798 17
4799 25
4800 19
4801 17
4802 23
4803 17
4804 19
4805 26
4806 19
4807 23
4808 24
4809 24
4810 17
4811 20
4812 16
4813 16
4814 17
4815 20
4816 20
4817 25
4818 22
4819 21
4820 15
4821 13
4822 24
4823 17
4824 16
4825 26
4826 24
4827 16
4828 11
4829 25
4830 23
4831 17
4832 26
4833 14
4834 21
4835 11
4836 20
4837 23
4838 24
4839 33
4840 25
4841 22
4842 24
4843 13
4844 19
4845 22
4846 13
4847 17
4848 19
4849 17
4850 13
4851 20
4852 18
4853 24
4854 22
4855 18
4856 15
4857 15
4858 22
4859 15
4860 16
4861 14
4862 24
4863 17
4864 18
4865 14
4866 15
4867 21
4868 19
4869 27
4870 30
4871 20
4872 18
4873 18
4874 21
4875 19
4876 18
4877 25
4878 18
4879 21
4880 19
4881 23
4882 22
4883 17
4884 20
4885 15
4886 18
4887 11
4888 19
4889 18
4890 13
4891 23
4892 21
4893 21
4894 15
4895 25
4896 21
4897 20
4898 15
4899 22
4900 16
4901 14
4902 21
4903 21
4904 23
4905 21
4906 20
4907 17
4908 19
4909 20
4910 23
4911 22
4912 28
4913 13
4914 20
4915 23
4916 12
4917 23
4918 14
4919 20
4920 21
4921 16
4922 22
4923 16
4924 18
4925 21
4926 15
4927 21
4928 20
4929 16
4930 25
4931 27
4932 18
4933 17
4934 17
4935 25
4936 21
4937 18
4938 19
4939 21
4940 19
4941 23
4942 23
4943 18
4944 16
4945 16
4946 22
4947 22
4948 23
4949 18
4950 19
4951 20
4952 20
4953 18
4954 19
4955 23
4956 16
4957 16
4958 21
4959 20
4960 19
4961 23
4962 15
4963 21
4964 16
4965 9
4966 24
4967 19
4968 17
4969 20
4970 21
4971 24
4972 18
4973 17
4974 21
4975 22
4976 29
4977 16
4978 19
4979 16
4980 10
4981 18
4982 23
4983 23
4984 21
4985 16
4986 23
4987 24
4988 18
4989 14
4990 22
4991 24
4992 16
4993 12
4994 25
4995 15
4996 21
4997 16
4998 20
4999 21
5000 15
5001 10
5002 19
5003 8
5004 13
5005 24
5006 31
5007 22
5008 18
5009 20
5010 17
5011 21
5012 17
5013 27
5014 13
5015 21
5016 14
5017 21
5018 22
5019 13
5020 15
5021 14
5022 16
5023 16
5024 15
5025 13
5026 25
5027 13
5028 13
5029 18
5030 16
5031 20
5032 14
5033 17
5034 20
5035 21
5036 21
5037 21
5038 28
5039 21
5040 17
5041 15
5042 18
5043 23
5044 29
5045 24
5046 17
5047 28
5048 17
5049 14
5050 21
5051 16
5052 24
5053 25
5054 14
5055 15
5056 19
5057 25
5058 15
5059 25
5060 17
5061 18
5062 17
5063 23
5064 23
5065 24
5066 18
5067 17
5068 20
5069 24
5070 20
5071 22
5072 23
5073 27
5074 14
5075 25
5076 25
5077 22
5078 16
5079 14
5080 15
5081 19
5082 17
5083 16
5084 27
5085 18
5086 18
5087 17
5088 35
5089 20
5090 16
5091 20
5092 11
5093 25
5094 8
5095 24
5096 16
5097 23
5098 20
5099 19
5100 26
5101 19
5102 21
5103 17
5104 21
5105 21
5106 20
5107 26
5108 22
5109 22
5110 22
5111 19
5112 20
5113 16
5114 30
5115 21
5116 23
5117 22
5118 21
5119 22
5120 13
5121 11
5122 23
5123 22
5124 21
5125 22
5126 18
5127 18
5128 25
5129 19
5130 14
5131 24
5132 12
5133 17
5134 23
5135 21
5136 18
5137 18
5138 18
5139 21
5140 20
5141 18
5142 21
5143 16
5144 13
5145 23
5146 26
5147 15
5148 20
5149 19
5150 22
5151 15
5152 19
5153 24
5154 20
5155 15
5156 21
5157 16
5158 16
5159 22
5160 15
5161 22
5162 13
5163 17
5164 9
5165 14
5166 17
5167 22
5168 17
5169 24
5170 15
5171 13
5172 11
5173 22
5174 20
5175 23
5176 23
5177 22
5178 17
5179 18
5180 22
5181 16
5182 22
5183 18
5184 11
5185 25
5186 26
5187 16
5188 27
5189 22
5190 21
5191 15
5192 21
5193 24
5194 22
5195 14
5196 11
5197 22
5198 21
5199 23
5200 22
5201 25
5202 20
5203 24
5204 20
5205 26
5206 22
5207 31
5208 9
5209 21
5210 13
5211 13
5212 19
5213 13
5214 24
5215 19
5216 15
5217 21
5218 24
5219 20
5220 15
5221 26
5222 19
5223 21
5224 22
5225 15
5226 20
5227 11
5228 21
5229 21
5230 21
5231 22
5232 29
5233 16
5234 22
5235 24
5236 24
5237 23
5238 19
5239 21
5240 10
5241 19
5242 14
5243 23
5244 28
5245 17
5246 17
5247 17
5248 19
5249 15
5250 15
5251 20
5252 22
5253 18
5254 18
5255 14
5256 25
5257 17
5258 20
5259 18
5260 24
5261 19
5262 19
5263 15
5264 16
5265 10
5266 10
5267 22
5268 28
5269 19
5270 21
5271 15
5272 15
5273 12
5274 16
5275 29
5276 22
5277 20
5278 19
5279 20
5280 17
5281 16
5282 31
5283 20
5284 26
5285 14
5286 20
5287 19
5288 16
5289 20
5290 27
5291 17
5292 25
5293 16
5294 14
5295 19
5296 22
5297 19
5298 14
5299 20
5300 19
5301 16
5302 22
5303 23
5304 26
5305 19
5306 25
5307 19
5308 26
5309 24
5310 18
5311 20
5312 24
5313 18
5314 22
5315 16
5316 20
5317 20
5318 17
5319 20
5320 18
5321 20
5322 21
5323 17
5324 19
5325 16
5326 22
5327 16
5328 12
5329 12
5330 17
5331 20
5332 16
5333 22
5334 22
5335 26
5336 26
5337 18
5338 20
5339 20
5340 11
5341 30
5342 21
5343 21
5344 17
5345 11
5346 15
5347 18
5348 30
5349 18
5350 17
5351 19
5352 15
5353 12
5354 16
5355 18
5356 27
5357 17
5358 13
5359 22
5360 25
5361 31
5362 24
5363 16
5364 16
5365 25
5366 19
5367 28
5368 20
5369 16
5370 20
5371 16
5372 18
5373 20
5374 28
5375 17
5376 15
5377 20
5378 15
5379 24
5380 16
5381 16
5382 25
5383 26
5384 22
5385 16
5386 27
5387 21
5388 24
5389 17
5390 14
5391 26
5392 14
5393 16
5394 19
5395 15
5396 13
5397 19
5398 21
5399 24
5400 14
5401 18
5402 16
5403 20
5404 20
5405 18
5406 18
5407 11
5408 25
5409 24
5410 17
5411 20
5412 19
5413 25
5414 13
5415 21
5416 24
5417 21
5418 21
5419 16
5420 19
5421 26
5422 16
5423 16
5424 25
5425 16
5426 17
5427 18
5428 25
5429 20
5430 20
5431 19
5432 16
5433 18
5434 24
5435 23
5436 22
5437 14
5438 17
5439 25
5440 14
5441 17
5442 14
5443 22
5444 14
5445 23
5446 19
5447 8
5448 23
5449 17
5450 20
5451 12
5452 14
5453 20
5454 22
5455 16
5456 14
5457 22
5458 18
5459 27
5460 14
5461 20
5462 21
5463 18
5464 13
5465 22
5466 36
5467 29
5468 15
5469 25
5470 23
5471 12
5472 23
5473 20
5474 20
5475 25
5476 18
5477 28
5478 19
5479 14
5480 26
5481 23
5482 19
5483 14
5484 32
5485 15
5486 17
5487 17
5488 18
5489 35
5490 21
5491 22
5492 12
5493 21
5494 24
5495 21
5496 28
5497 28
5498 23
5499 16
5500 18
5501 23
5502 17
5503 25
5504 13
5505 27
5506 15
5507 16
5508 15
5509 19
5510 20
5511 29
5512 20
5513 23
5514 24
5515 21
5516 20
5517 19
5518 14
5519 26
5520 26
5521 11
5522 24
5523 13
5524 22
5525 25
5526 20
5527 18
5528 19
5529 17
5530 14
5531 18
5532 17
5533 20
5534 14
5535 17
5536 17
5537 22
5538 26
5539 20
5540 18
5541 17
5542 24
5543 21
5544 16
5545 12
5546 16
5547 21
5548 27
5549 15
5550 25
5551 15
5552 22
5553 17
5554 23
5555 19
5556 16
5557 24
5558 21
5559 21
5560 13
5561 31
5562 22
5563 21
5564 26
5565 22
5566 22
5567 26
5568 13
5569 27
5570 19
5571 23
5572 22
5573 13
5574 14
5575 20
5576 30
5577 17
5578 25
5579 16
5580 25
5581 13
5582 19
5583 19
5584 19
5585 18
5586 12
5587 28
5588 21
5589 21
5590 18
5591 21
5592 19
5593 23
5594 19
5595 29
5596 15
5597 25
5598 18
5599 20
5600 16
5601 19
5602 19
5603 20
5604 21
5605 22
5606 24
5607 16
5608 21
5609 20
5610 18
5611 26
5612 22
5613 17
5614 23
5615 15
5616 13
5617 22
5618 21
5619 27
5620 16
5621 21
5622 22
5623 21
5624 19
5625 19
5626 27
5627 23
5628 16
5629 21
5630 23
5631 27
5632 16
5633 21
5634 31
5635 17
5636 20
5637 25
5638 23
5639 23
5640 25
5641 29
5642 20
5643 22
5644 15
5645 19
5646 16
5647 24
5648 19
5649 22
5650 21
5651 18
5652 20
5653 21
5654 21
5655 28
5656 19
5657 25
5658 20
5659 17
5660 24
5661 23
5662 19
5663 20
5664 14
5665 14
5666 18
5667 18
5668 15
5669 14
5670 19
5671 25
5672 22
5673 10
5674 25
5675 32
5676 17
5677 10
5678 15
5679 17
5680 15
5681 18
5682 16
5683 23
5684 24
5685 17
5686 25
5687 14
5688 23
5689 17
5690 21
5691 23
5692 15
5693 13
5694 20
5695 17
5696 20
5697 19
5698 18
5699 12
5700 19
5701 16
5702 20
5703 21
5704 29
5705 22
5706 26
5707 26
5708 18
5709 23
5710 33
5711 29
5712 20
5713 16
5714 19
5715 15
5716 12
5717 16
5718 23
5719 19
5720 23
5721 17
5722 22
5723 24
5724 23
5725 9
5726 14
5727 27
5728 13
5729 11
5730 14
5731 13
5732 21
5733 23
5734 26
5735 27
5736 21
5737 22
5738 24
5739 20
5740 18
5741 23
5742 23
5743 16
5744 11
5745 16
5746 21
5747 25
5748 22
5749 25
5750 17
5751 23
5752 29
5753 16
5754 17
5755 28
5756 23
5757 16
5758 22
5759 28
5760 27
5761 17
5762 20
5763 18
5764 22
5765 27
5766 21
5767 13
5768 14
5769 17
5770 20
5771 20
5772 15
5773 26
5774 12
5775 14
5776 34
5777 38
5778 19
5779 18
5780 20
5781 25
5782 13
5783 20
5784 21
5785 26
5786 20
5787 25
5788 19
5789 22
5790 23
5791 19
5792 26
5793 18
5794 18
5795 17
5796 16
5797 15
5798 21
5799 25
5800 17
5801 32
5802 20
5803 17
5804 23
5805 23
5806 23
5807 25
5808 26
5809 18
5810 16
5811 19
5812 22
5813 23
5814 23
5815 21
5816 23
5817 22
5818 21
5819 23
5820 15
5821 20
5822 22
5823 21
5824 25
5825 26
5826 19
5827 34
5828 23
5829 26
5830 25
5831 20
5832 28
5833 17
5834 10
5835 18
5836 14
5837 27
5838 17
5839 19
5840 19
5841 25
5842 25
5843 14
5844 15
5845 13
5846 21
5847 21
5848 28
5849 22
5850 12
5851 22
5852 24
5853 20
5854 17
5855 18
5856 17
5857 20
5858 22
5859 19
5860 17
5861 18
5862 21
5863 16
5864 21
5865 12
5866 23
5867 15
5868 17
5869 14
5870 9
5871 18
5872 22
5873 16
5874 14
5875 16
5876 18
5877 19
5878 20
5879 21
5880 14
5881 23
5882 32
5883 15
5884 19
5885 22
5886 28
5887 20
5888 22
5889 19
5890 28
5891 20
5892 24
5893 21
5894 27
5895 16
5896 19
5897 20
5898 23
5899 25
5900 21
5901 24
5902 21
5903 30
5904 19
5905 19
5906 19
5907 13
5908 20
5909 20
5910 14
5911 15
5912 23
5913 22
5914 16
5915 18
5916 15
5917 23
5918 15
5919 18
5920 18
5921 17
5922 17
5923 13
5924 15
5925 25
5926 21
5927 19
5928 21
5929 18
5930 25
5931 14
5932 21
5933 21
5934 15
5935 17
5936 16
5937 19
5938 25
5939 24
5940 18
5941 23
5942 20
5943 32
5944 21
5945 17
5946 17
5947 22
5948 24
5949 22
5950 25
5951 20
5952 23
5953 19
5954 14
5955 14
5956 15
5957 18
5958 17
5959 26
5960 16
5961 20
5962 18
5963 21
5964 19
5965 18
5966 26
5967 25
5968 17
5969 24
5970 26
5971 18
5972 24
5973 24
5974 21
5975 12
5976 23
5977 18
5978 23
5979 28
5980 18
5981 24
5982 28
5983 22
5984 25
5985 22
5986 19
5987 26
5988 14
5989 24
5990 25
5991 12
5992 18
5993 19
5994 23
5995 15
5996 18
5997 25
5998 19
5999 17
6000 20
6001 24
6002 21
6003 25
6004 22
6005 20
6006 26
6007 20
6008 25
6009 21
6010 25
6011 27
6012 18
6013 23
6014 24
6015 30
6016 23
6017 19
6018 32
6019 22
6020 23
6021 19
6022 20
6023 19
6024 20
6025 20
6026 20
6027 18
6028 16
6029 19
6030 19
6031 19
6032 15
6033 18
6034 21
6035 11
6036 16
6037 30
6038 23
6039 15
6040 28
6041 20
6042 15
6043 24
6044 15
6045 28
6046 14
6047 29
6048 19
6049 24
6050 20
6051 20
6052 22
6053 22
6054 18
6055 30
6056 25
6057 22
6058 26
6059 19
6060 28
6061 19
6062 24
6063 25
6064 20
6065 18
6066 18
6067 22
6068 25
6069 18
6070 25
6071 22
6072 29
6073 25
6074 20
6075 17
6076 21
6077 12
6078 16
6079 22
6080 27
6081 12
6082 20
6083 25
6084 33
6085 20
6086 26
6087 22
6088 24
6089 17
6090 23
6091 20
6092 15
6093 18
6094 28
6095 15
6096 23
6097 22
6098 18
6099 18
6100 26
6101 17
6102 13
6103 15
6104 18
6105 20
6106 22
6107 23
6108 16
6109 19
6110 22
6111 20
6112 19
6113 20
6114 24
6115 21
6116 22
6117 28
6118 17
6119 20
6120 12
6121 21
6122 29
6123 26
6124 18
6125 24
6126 30
6127 28
6128 19
6129 24
6130 22
6131 25
6132 18
6133 24
6134 21
6135 13
6136 18
6137 12
6138 19
6139 17
6140 31
6141 22
6142 28
6143 31
6144 18
6145 13
6146 17
6147 19
6148 28
6149 24
6150 19
6151 19
6152 15
6153 22
6154 20
6155 15
6156 29
6157 18
6158 22
6159 26
6160 20
6161 22
6162 28
6163 26
6164 22
6165 20
6166 16
6167 28
6168 30
6169 19
6170 22
6171 21
6172 19
6173 27
6174 20
6175 22
6176 28
6177 18
6178 21
6179 23
6180 18
6181 15
6182 29
6183 17
6184 30
6185 30
6186 22
6187 19
6188 15
6189 25
6190 18
6191 25
6192 27
6193 19
6194 26
6195 19
6196 28
6197 18
6198 22
6199 17
6200 24
6201 24
6202 19
6203 20
6204 27
6205 22
6206 34
6207 28
6208 27
6209 20
6210 24
6211 25
6212 13
6213 22
6214 26
6215 31
6216 24
6217 22
6218 28
6219 28
6220 17
6221 30
6222 17
6223 14
6224 23
6225 19
6226 14
6227 27
6228 16
6229 26
6230 30
6231 14
6232 20
6233 22
6234 17
6235 25
6236 24
6237 18
6238 20
6239 33
6240 23
6241 25
6242 25
6243 29
6244 24
6245 31
6246 27
6247 26
6248 15
6249 21
6250 24
6251 23
6252 24
6253 28
6254 27
6255 21
6256 22
6257 30
6258 27
6259 20
6260 27
6261 19
6262 19
6263 24
6264 27
6265 27
6266 29
6267 19
6268 26
6269 22
6270 28
6271 25
6272 20
6273 21
6274 25
6275 29
6276 26
6277 25
6278 20
6279 26
6280 20
6281 20
6282 26
6283 30
6284 26
6285 22
6286 27
6287 24
6288 32
6289 21
6290 18
6291 22
6292 30
6293 20
6294 23
6295 30
6296 17
6297 33
6298 20
6299 20
6300 20
6301 27
6302 16
6303 24
6304 26
6305 21
6306 29
6307 23
6308 24
6309 26
6310 26
6311 27
6312 17
6313 30
6314 28
6315 17
6316 23
6317 21
6318 15
6319 21
6320 22
6321 19
6322 26
6323 28
6324 29
6325 28
6326 23
6327 21
6328 30
6329 27
6330 25
6331 26
6332 19
6333 20
6334 19
6335 21
6336 31
6337 24
6338 24
6339 31
6340 14
6341 30
6342 29
6343 20
6344 20
6345 21
6346 26
6347 24
6348 30
6349 29
6350 14
6351 31
6352 23
6353 18
6354 22
6355 28
6356 24
6357 26
6358 27
6359 24
6360 22
6361 28
6362 27
6363 19
6364 30
6365 26
6366 19
6367 23
6368 13
6369 23
6370 28
6371 37
6372 19
6373 25
6374 29
6375 21
6376 26
6377 25
6378 21
6379 30
6380 21
6381 29
6382 25
6383 28
6384 18
6385 28
6386 32
6387 20
6388 24
6389 28
6390 20
6391 26
6392 19
6393 23
6394 28
6395 19
6396 19
6397 29
6398 45
6399 27
6400 21
6401 16
6402 28
6403 33
6404 22
6405 23
6406 26
6407 24
6408 26
6409 22
6410 30
6411 31
6412 26
6413 31
6414 29
6415 17
6416 25
6417 29
6418 23
6419 33
6420 27
6421 24
6422 31
6423 26
6424 30
6425 21
6426 19
6427 32
6428 17
6429 25
6430 24
6431 32
6432 11
6433 26
6434 29
6435 30
6436 32
6437 18
6438 29
6439 27
6440 25
6441 20
6442 30
6443 22
6444 30
6445 18
6446 20
6447 32
6448 27
6449 26
6450 26
6451 34
6452 16
6453 35
6454 22
6455 25
6456 26
6457 27
6458 25
6459 23
6460 31
6461 24
6462 28
6463 22
6464 32
6465 21
6466 31
6467 19
6468 24
6469 30
6470 26
6471 22
6472 27
6473 31
6474 28
6475 19
6476 19
6477 28
6478 26
6479 20
6480 34
6481 22
6482 30
6483 35
6484 25
6485 24
6486 34
6487 34
6488 19
6489 24
6490 22
6491 25
6492 21
6493 31
6494 15
6495 18
6496 21
6497 21
6498 17
6499 27
6500 20
6501 24
6502 30
6503 28
6504 20
6505 22
6506 25
6507 17
6508 24
6509 20
6510 25
6511 32
6512 17
6513 29
6514 24
6515 24
6516 25
6517 21
6518 22
6519 31
6520 35
6521 30
6522 28
6523 27
6524 35
6525 26
6526 23
6527 29
6528 27
6529 27
6530 27
6531 27
6532 22
6533 26
6534 26
6535 23
6536 20
6537 26
6538 25
6539 23
6540 25
6541 30
6542 25
6543 16
6544 34
6545 21
6546 23
6547 23
6548 26
6549 19
6550 17
6551 23
6552 22
6553 25
6554 26
6555 25
6556 27
6557 30
6558 21
6559 21
6560 17
6561 25
6562 25
6563 29
6564 29
6565 30
6566 15
6567 20
6568 25
6569 20
6570 29
6571 29
6572 19
6573 23
6574 35
6575 25
6576 18
6577 39
6578 39
6579 30
6580 31
6581 20
6582 18
6583 15
6584 30
6585 26
6586 22
6587 31
6588 26
6589 21
6590 17
6591 25
6592 30
6593 30
6594 29
6595 24
6596 22
6597 23
6598 25
6599 24
6600 22
6601 23
6602 19
6603 20
6604 25
6605 29
6606 26
6607 19
6608 30
6609 25
6610 25
6611 26
6612 28
6613 23
6614 27
6615 26
6616 15
6617 29
6618 34
6619 24
6620 22
6621 21
6622 28
6623 21
6624 29
6625 32
6626 20
6627 32
6628 23
6629 23
6630 22
6631 29
6632 25
6633 25
6634 23
6635 29
6636 27
6637 18
6638 20
6639 15
6640 27
6641 23
6642 18
6643 24
6644 28
6645 25
6646 21
6647 24
6648 28
6649 36
6650 33
6651 14
6652 29
6653 28
6654 29
6655 30
6656 33
6657 23
6658 15
6659 38
6660 19
6661 24
6662 21
6663 24
6664 28
6665 31
6666 27
6667 21
6668 23
6669 23
6670 22
6671 25
6672 23
6673 31
6674 27
6675 31
6676 25
6677 32
6678 28
6679 25
6680 20
6681 21
6682 30
6683 29
6684 29
6685 27
6686 24
6687 24
6688 23
6689 21
6690 32
6691 27
6692 30
6693 31
6694 15
6695 26
6696 24
6697 23
6698 28
6699 24
6700 29
6701 24
6702 25
6703 24
6704 30
6705 27
6706 31
6707 24
6708 33
6709 26
6710 36
6711 24
6712 30
6713 21
6714 24
6715 21
6716 26
6717 27
6718 29
6719 28
6720 23
6721 24
6722 17
6723 39
6724 27
6725 28
6726 29
6727 28
6728 26
6729 13
6730 16
6731 22
6732 26
6733 24
6734 31
6735 26
6736 28
6737 22
6738 25
6739 21
6740 30
6741 22
6742 18
6743 22
6744 33
6745 31
6746 32
6747 31
6748 26
6749 28
6750 21
6751 30
6752 22
6753 27
6754 25
6755 31
6756 27
6757 26
6758 29
6759 32
6760 22
6761 26
6762 20
6763 31
6764 28
6765 21
6766 24
6767 28
6768 27
6769 18
6770 23
6771 27
6772 20
6773 22
6774 15
6775 23
6776 27
6777 30
6778 18
6779 30
6780 26
6781 26
6782 27
6783 26
6784 29
6785 29
6786 31
6787 22
6788 23
6789 17
6790 26
6791 32
6792 20
6793 23
6794 24
6795 23
6796 26
6797 27
6798 33
6799 20
6800 24
6801 30
6802 34
6803 28
6804 31
6805 21
6806 28
6807 19
6808 33
6809 28
6810 32
6811 20
6812 23
6813 28
6814 30
6815 21
6816 31
6817 18
6818 21
6819 26
6820 21
6821 28
6822 23
6823 24
6824 37
6825 26
6826 25
6827 28
6828 25
6829 29
6830 37
6831 29
6832 35
6833 25
6834 17
6835 23
6836 20
6837 29
6838 29
6839 18
6840 34
6841 41
6842 24
6843 24
6844 31
6845 23
6846 25
6847 32
6848 21
6849 27
6850 26
6851 31
6852 30
6853 31
6854 25
6855 24
6856 22
6857 20
6858 23
6859 21
6860 28
6861 29
6862 18
6863 30
6864 33
6865 24
6866 22
6867 24
6868 22
6869 28
6870 30
6871 29
6872 21
6873 25
6874 39
6875 25
6876 30
6877 33
6878 23
6879 28
6880 31
6881 27
6882 23
6883 22
6884 27
6885 28
6886 26
6887 32
6888 37
6889 20
6890 33
6891 27
6892 27
6893 27
6894 26
6895 31
6896 41
6897 31
6898 40
6899 17
6900 26
6901 30
6902 36
6903 20
6904 39
6905 32
6906 15
6907 29
6908 33
6909 36
6910 14
6911 38
6912 33
6913 10
6914 28
6915 27
6916 21
6917 29
6918 36
6919 24
6920 28
6921 32
6922 34
6923 21
6924 22
6925 31
6926 26
6927 26
6928 27
6929 37
6930 30
6931 26
6932 34
6933 25
6934 29
6935 26
6936 33
6937 20
6938 32
6939 32
6940 21
6941 37
6942 32
6943 43
6944 23
6945 24
6946 28
6947 32
6948 22
6949 22
6950 28
6951 24
6952 25
6953 22
6954 26
6955 24
6956 31
6957 35
6958 29
6959 34
6960 18
6961 30
6962 25
6963 28
6964 18
6965 24
6966 28
6967 26
6968 28
6969 34
6970 27
6971 29
6972 30
6973 34
6974 32
6975 31
6976 33
6977 34
6978 24
6979 31
6980 26
6981 28
6982 21
6983 41
6984 29
6985 28
6986 25
6987 31
6988 31
6989 30
6990 34
6991 29
6992 26
6993 25
6994 31
6995 29
6996 38
6997 29
6998 36
6999 23
7000 25
7001 33
7002 25
7003 27
7004 25
7005 33
7006 22
7007 26
7008 35
7009 22
7010 35
7011 27
7012 30
7013 35
7014 33
7015 24
7016 36
7017 28
7018 29
7019 34
7020 29
7021 33
7022 33
7023 32
7024 27
7025 29
7026 28
7027 21
7028 33
7029 40
7030 32
7031 37
7032 32
7033 28
7034 31
7035 22
7036 29
7037 29
7038 28
7039 26
7040 35
7041 29
7042 29
7043 30
7044 27
7045 34
7046 37
7047 27
7048 31
7049 24
7050 30
7051 38
7052 33
7053 19
7054 23
7055 32
7056 22
7057 28
7058 28
7059 30
7060 19
7061 30
7062 33
7063 29
7064 17
7065 35
7066 31
7067 24
7068 26
7069 29
7070 13
7071 27
7072 33
7073 18
7074 31
7075 26
7076 30
7077 35
7078 35
7079 33
7080 36
7081 27
7082 39
7083 30
7084 26
7085 21
7086 29
7087 33
7088 24
7089 25
7090 24
7091 34
7092 21
7093 35
7094 32
7095 23
7096 31
7097 33
7098 27
7099 36
7100 37
7101 26
7102 21
7103 24
7104 24
7105 43
7106 22
7107 26
7108 16
7109 35
7110 27
7111 31
7112 34
7113 25
7114 22
7115 31
7116 35
7117 25
7118 39
7119 37
7120 27
7121 33
7122 32
7123 36
7124 23
7125 28
7126 31
7127 23
7128 22
7129 28
7130 22
7131 36
7132 31
7133 37
7134 32
7135 35
7136 36
7137 30
7138 24
7139 25
7140 30
7141 27
7142 22
7143 27
7144 34
7145 20
7146 27
7147 32
7148 25
7149 22
7150 31
7151 39
7152 28
7153 32
7154 22
7155 39
7156 24
7157 26
7158 36
7159 25
7160 23
7161 33
7162 28
7163 28
7164 34
7165 38
7166 26
7167 30
7168 37
7169 32
7170 41
7171 29
7172 22
7173 23
7174 38
7175 24
7176 37
7177 29
7178 31
7179 27
7180 25
7181 27
7182 24
7183 26
7184 26
7185 32
7186 48
7187 28
7188 27
7189 25
7190 32
7191 35
7192 28
7193 30
7194 27
7195 28
7196 31
7197 32
7198 30
7199 29
7200 29
7201 35
7202 24
7203 26
7204 25
7205 25
7206 31
7207 33
7208 42
7209 36
7210 31
7211 28
7212 25
7213 35
7214 37
7215 26
7216 36
7217 31
7218 29
7219 25
7220 30
7221 31
7222 23
7223 30
7224 33
7225 33
7226 24
7227 23
7228 40
7229 31
7230 30
7231 30
7232 33
7233 33
7234 28
7235 21
7236 22
7237 33
7238 35
7239 33
7240 29
7241 27
7242 26
7243 21
7244 23
7245 30
7246 24
7247 24
7248 23
7249 25
7250 37
7251 22
7252 32
7253 35
7254 32
7255 24
7256 31
7257 30
7258 29
7259 27
7260 31
7261 43
7262 33
7263 21
7264 35
7265 25
7266 28
7267 33
7268 34
7269 24
7270 36
7271 26
7272 28
7273 28
7274 25
7275 30
7276 28
7277 27
7278 23
7279 23
7280 28
7281 24
7282 31
7283 21
7284 25
7285 29
7286 39
7287 26
7288 25
7289 22
7290 33
7291 22
7292 29
7293 32
7294 30
7295 27
7296 26
7297 34
7298 34
7299 36
7300 20
7301 32
7302 33
7303 35
7304 32
7305 23
7306 37
7307 22
7308 24
7309 25
7310 29
7311 34
7312 36
7313 37
7314 32
7315 33
7316 36
7317 26
7318 42
7319 30
7320 36
7321 40
7322 32
7323 31
7324 25
7325 28
7326 23
7327 32
7328 36
7329 27
7330 29
7331 29
7332 24
7333 22
7334 31
7335 30
7336 27
7337 33
7338 39
7339 25
7340 31
7341 29
7342 19
7343 32
7344 22
7345 21
7346 24
7347 23
7348 27
7349 23
7350 26
7351 23
7352 34
7353 22
7354 29
7355 26
7356 31
7357 28
7358 40
7359 35
7360 23
7361 32
7362 33
7363 30
7364 33
7365 33
7366 39
7367 32
7368 40
7369 27
7370 35
7371 41
7372 37
7373 34
7374 31
7375 31
7376 38
7377 35
7378 24
7379 29
7380 38
7381 26
7382 34
7383 32
7384 22
7385 25
7386 26
7387 24
7388 24
7389 25
7390 26
7391 33
7392 33
7393 26
7394 31
7395 26
7396 36
7397 29
7398 25
7399 34
7400 30
7401 28
7402 32
7403 31
7404 39
7405 29
7406 34
7407 32
7408 28
7409 30
7410 29
7411 23
7412 42
7413 30
7414 25
7415 28
7416 35
7417 29
7418 30
7419 28
7420 32
7421 36
7422 23
7423 32
7424 29
7425 27
7426 32
7427 35
7428 36
7429 34
7430 38
7431 33
7432 28
7433 34
7434 33
7435 40
7436 22
7437 26
7438 27
7439 29
7440 22
7441 32
7442 34
7443 35
7444 24
7445 26
7446 25
7447 26
7448 32
7449 36
7450 25
7451 24
7452 29
7453 24
7454 40
7455 39
7456 28
7457 24
7458 25
7459 26
7460 30
7461 33
7462 30
7463 39
7464 26
7465 25
7466 26
7467 31
7468 33
7469 23
7470 33
7471 41
7472 30
7473 28
7474 30
7475 42
7476 27
7477 25
7478 31
7479 25
7480 27
7481 35
7482 30
7483 27
7484 38
7485 24
7486 32
7487 19
7488 17
7489 28
7490 24
7491 18
7492 28
7493 38
7494 29
7495 15
7496 33
7497 22
7498 30
7499 33
7500 36
7501 24
7502 40
7503 31
7504 33
7505 30
7506 31
7507 43
7508 22
7509 26
7510 28
7511 25
7512 32
7513 38
7514 38
7515 20
7516 30
7517 24
7518 28
7519 30
7520 22
7521 35
7522 35
7523 37
7524 43
7525 45
7526 27
7527 25
7528 34
7529 18
7530 33
7531 29
7532 31
7533 37
7534 31
7535 27
7536 19
7537 38
7538 24
7539 29
7540 24
7541 27
7542 28
7543 40
7544 34
7545 29
7546 26
7547 27
7548 21
7549 32
7550 32
7551 35
7552 25
7553 27
7554 24
7555 28
7556 29
7557 28
7558 20
7559 34
7560 32
7561 25
7562 20
7563 37
7564 31
7565 33
7566 27
7567 31
7568 31
7569 30
7570 27
7571 25
7572 22
7573 32
7574 26
7575 30
7576 23
7577 24
7578 39
7579 34
7580 23
7581 36
7582 35
7583 25
7584 29
7585 33
7586 31
7587 30
7588 25
7589 25
7590 24
7591 27
7592 27
7593 30
7594 23
7595 22
7596 41
7597 28
7598 27
7599 34
7600 30
7601 38
7602 30
7603 36
7604 26
7605 33
7606 27
7607 38
7608 32
7609 23
7610 21
7611 27
7612 27
7613 28
7614 23
7615 32
7616 33
7617 40
7618 35
7619 21
7620 29
7621 26
7622 33
7623 31
7624 34
7625 34
7626 25
7627 35
7628 29
7629 19
7630 28
7631 19
7632 31
7633 29
7634 34
7635 26
7636 25
7637 34
7638 25
7639 34
7640 35
7641 22
7642 29
7643 28
7644 32
7645 21
7646 32
7647 25
7648 36
7649 31
7650 25
7651 31
7652 29
7653 29
7654 37
7655 22
7656 30
7657 26
7658 40
7659 34
7660 25
7661 24
7662 28
7663 28
7664 29
7665 34
7666 40
7667 22
7668 25
7669 31
7670 30
7671 22
7672 22
7673 29
7674 21
7675 37
7676 40
7677 30
7678 19
7679 21
7680 36
7681 35
7682 34
7683 26
7684 29
7685 32
7686 27
7687 37
7688 36
7689 38
7690 27
7691 32
7692 27
7693 33
7694 32
7695 32
7696 27
7697 22
7698 33
7699 19
7700 27
7701 29
7702 23
7703 29
7704 26
7705 22
7706 20
7707 38
7708 30
7709 29
7710 40
7711 23
7712 29
7713 32
7714 24
7715 39
7716 28
7717 25
7718 23
7719 25
7720 28
7721 29
7722 38
7723 25
7724 39
7725 28
7726 36
7727 26
7728 27
7729 33
7730 25
7731 27
7732 25
7733 31
7734 27
7735 33
7736 31
7737 34
7738 23
7739 26
7740 36
7741 35
7742 31
7743 26
7744 30
7745 26
7746 25
7747 31
7748 20
7749 28
7750 31
7751 23
7752 32
7753 36
7754 24
7755 32
7756 29
7757 33
7758 24
7759 24
7760 32
7761 33
7762 36
7763 29
7764 30
7765 27
7766 32
7767 28
7768 26
7769 27
7770 25
7771 35
7772 26
7773 26
7774 22
7775 29
7776 29
7777 39
7778 24
7779 30
7780 34
7781 44
7782 34
7783 24
7784 26
7785 28
7786 24
7787 31
7788 36
7789 24
7790 36
7791 21
7792 32
7793 26
7794 18
7795 28
7796 38
7797 26
7798 32
7799 31
7800 39
7801 33
7802 23
7803 26
7804 21
7805 23
7806 38
7807 26
7808 34
7809 32
7810 29
7811 27
7812 31
7813 36
7814 26
7815 25
7816 28
7817 28
7818 34
7819 30
7820 40
7821 32
7822 34
7823 20
7824 38
7825 38
7826 41
7827 30
7828 36
7829 27
7830 34
7831 36
7832 23
7833 32
7834 25
7835 29
7836 34
7837 19
7838 29
7839 23
7840 31
7841 32
7842 33
7843 36
7844 36
7845 19
7846 12
7847 29
7848 28
7849 29
7850 37
7851 33
7852 23
7853 34
7854 27
7855 26
7856 27
7857 37
7858 35
7859 28
7860 29
7861 39
7862 34
7863 23
7864 25
7865 32
7866 30
7867 19
7868 41
7869 31
7870 25
7871 30
7872 32
7873 30
7874 28
7875 29
7876 34
7877 28
7878 32
7879 26
7880 33
7881 32
7882 32
7883 37
7884 34
7885 24
7886 31
7887 34
7888 32
7889 22
7890 40
7891 38
7892 20
7893 23
7894 30
7895 35
7896 20
7897 23
7898 29
7899 31
7900 27
7901 26
7902 24
7903 27
7904 33
7905 23
7906 30
7907 30
7908 23
7909 10
7910 19
7911 34
7912 29
7913 22
7914 33
7915 33
7916 35
7917 31
7918 27
7919 21
7920 36
7921 24
7922 38
7923 32
7924 42
7925 22
7926 29
7927 32
7928 27
7929 31
7930 25
7931 31
7932 35
7933 31
7934 30
7935 27
7936 40
7937 25
7938 30
7939 36
7940 29
7941 32
7942 26
7943 29
7944 15
7945 22
7946 33
7947 27
7948 27
7949 27
7950 28
7951 17
7952 31
7953 31
7954 27
7955 29
7956 28
7957 26
7958 24
7959 35
7960 36
7961 25
7962 26
7963 33
7964 25
7965 32
7966 27
7967 25
7968 30
7969 24
7970 29
7971 33
7972 27
7973 23
7974 33
7975 29
7976 28
7977 34
7978 28
7979 25
7980 18
7981 29
7982 31
7983 24
7984 28
7985 32
7986 24
7987 32
7988 30
7989 38
7990 26
7991 33
7992 44
7993 24
7994 28
7995 27
7996 31
7997 20
7998 41
7999 35
8000 31
8001 31
8002 38
8003 31
8004 26
8005 37
8006 29
8007 24
8008 31
8009 29
8010 34
8011 32
8012 33
8013 33
8014 37
8015 30
8016 26
8017 30
8018 22
8019 28
8020 28
8021 30
8022 29
8023 31
8024 25
8025 28
8026 22
8027 28
8028 40
8029 20
8030 18
8031 31
8032 26
8033 33
8034 25
8035 26
8036 24
8037 27
8038 31
8039 31
8040 33
8041 24
8042 28
8043 27
8044 20
8045 25
8046 29
8047 30
8048 34
8049 34
8050 32
8051 29
8052 30
8053 25
8054 28
8055 31
8056 28
8057 20
8058 24
8059 31
8060 31
8061 25
8062 27
8063 24
8064 28
8065 33
8066 25
8067 28
8068 30
8069 28
8070 31
8071 33
8072 21
8073 19
8074 23
8075 29
8076 29
8077 26
8078 32
8079 29
8080 36
8081 30
8082 32
8083 30
8084 25
8085 25
8086 25
8087 38
8088 26
8089 27
8090 30
8091 23
8092 30
8093 33
8094 26
8095 32
8096 25
8097 29
8098 32
8099 31
8100 20
8101 31
8102 21
8103 29
8104 31
8105 26
8106 23
8107 37
8108 14
8109 28
8110 31
8111 29
8112 39
8113 25
8114 34
8115 29
8116 31
8117 28
8118 37
8119 30
8120 27
8121 22
8122 31
8123 28
8124 25
8125 35
8126 32
8127 30
8128 23
8129 36
8130 29
8131 26
8132 26
8133 26
8134 34
8135 35
8136 27
8137 31
8138 34
8139 25
8140 26
8141 29
8142 33
8143 35
8144 25
8145 35
8146 26
8147 29
8148 25
8149 28
8150 31
8151 27
8152 28
8153 28
8154 34
8155 32
8156 35
8157 27
8158 31
8159 17
8160 23
8161 27
8162 26
8163 35
8164 31
8165 36
8166 29
8167 29
8168 23
8169 20
8170 26
8171 24
8172 26
8173 17
8174 24
8175 28
8176 23
8177 28
8178 31
8179 34
8180 26
8181 26
8182 22
8183 24
8184 21
8185 26
8186 18
8187 31
8188 25
8189 29
8190 30
8191 28
8192 28
8193 25
8194 27
8195 30
8196 33
8197 34
8198 25
8199 32
8200 32
8201 25
8202 25
8203 33
8204 26
8205 26
8206 34
8207 26
8208 29
8209 24
8210 32
8211 29
8212 21
8213 24
8214 35
8215 30
8216 26
8217 39
8218 23
8219 31
8220 28
8221 26
8222 29
8223 32
8224 23
8225 29
8226 35
8227 25
8228 25
8229 22
8230 24
8231 29
8232 26
8233 29
8234 20
8235 28
8236 33
8237 28
8238 19
8239 35
8240 25
8241 30
8242 31
8243 32
8244 29
8245 25
8246 25
8247 24
8248 42
8249 16
8250 27
8251 38
8252 28
8253 30
8254 23
8255 29
8256 24
8257 36
8258 32
8259 30
8260 31
8261 31
8262 23
8263 24
8264 16
8265 20
8266 29
8267 28
8268 25
8269 30
8270 25
8271 30
8272 25
8273 33
8274 17
8275 22
8276 24
8277 28
8278 30
8279 22
8280 32
8281 24
8282 22
8283 34
8284 29
8285 43
8286 26
8287 21
8288 24
8289 30
8290 17
8291 21
8292 28
8293 20
8294 29
8295 35
8296 24
8297 32
8298 27
8299 46
8300 28
8301 23
8302 31
8303 32
8304 23
8305 31
8306 27
8307 23
8308 29
8309 24
8310 31
8311 19
8312 28
8313 18
8314 30
8315 29
8316 32
8317 37
8318 26
8319 25
8320 19
8321 32
8322 32
8323 32
8324 25
8325 31
8326 31
8327 27
8328 26
8329 24
8330 27
8331 27
8332 38
8333 28
8334 33
8335 20
8336 38
8337 28
8338 24
8339 28
8340 27
8341 29
8342 37
8343 33
8344 18
8345 18
8346 21
8347 34
8348 34
8349 25
8350 28
8351 26
8352 24
8353 31
8354 29
8355 27
8356 23
8357 22
8358 23
8359 31
8360 29
8361 29
8362 28
8363 25
8364 24
8365 26
8366 35
8367 25
8368 34
8369 24
8370 21
8371 22
8372 21
8373 29
8374 21
8375 26
8376 18
8377 28
8378 29
8379 35
8380 15
8381 34
8382 24
8383 28
8384 22
8385 21
8386 35
8387 34
8388 20
8389 26
8390 20
8391 27
8392 24
8393 34
8394 21
8395 23
8396 26
8397 25
8398 25
8399 29
8400 24
8401 21
8402 28
8403 26
8404 33
8405 27
8406 28
8407 28
8408 27
8409 18
8410 26
8411 27
8412 24
8413 31
8414 19
8415 24
8416 26
8417 28
8418 22
8419 35
8420 16
8421 21
8422 20
8423 27
8424 19
8425 21
8426 17
8427 29
8428 24
8429 35
8430 24
8431 28
8432 19
8433 28
8434 27
8435 23
8436 24
8437 29
8438 25
8439 24
8440 27
8441 30
8442 22
8443 22
8444 16
8445 28
8446 23
8447 33
8448 23
8449 28
8450 32
8451 27
8452 23
8453 17
8454 11
8455 29
8456 28
8457 31
8458 19
8459 21
8460 31
8461 22
8462 28
8463 35
8464 32
8465 24
8466 22
8467 36
8468 19
8469 29
8470 22
8471 29
8472 29
8473 29
8474 24
8475 29
8476 26
8477 31
8478 29
8479 21
8480 25
8481 28
8482 22
8483 19
8484 22
8485 21
8486 24
8487 23
8488 35
8489 23
8490 31
8491 19
8492 29
8493 24
8494 27
8495 38
8496 20
8497 17
8498 26
8499 41
8500 34
8501 25
8502 29
8503 21
8504 19
8505 29
8506 34
8507 25
8508 28
8509 18
8510 19
8511 27
8512 28
8513 24
8514 28
8515 23
8516 29
8517 23
8518 23
8519 26
8520 23
8521 31
8522 28
8523 29
8524 27
8525 20
8526 31
8527 25
8528 31
8529 26
8530 25
8531 24
8532 26
8533 28
8534 18
8535 20
8536 25
8537 29
8538 36
8539 26
8540 24
8541 17
8542 25
8543 30
8544 21
8545 19
8546 25
8547 19
8548 25
8549 28
8550 26
8551 24
8552 27
8553 30
8554 26
8555 28
8556 25
8557 31
8558 26
8559 26
8560 26
8561 24
8562 37
8563 35
8564 38
8565 25
8566 26
8567 28
8568 23
8569 31
8570 18
8571 29
8572 23
8573 27
8574 21
8575 23
8576 26
8577 20
8578 26
8579 29
8580 35
8581 25
8582 18
8583 23
8584 28
8585 22
8586 24
8587 29
8588 31
8589 19
8590 24
8591 19
8592 28
8593 23
8594 27
8595 26
8596 26
8597 25
8598 25
8599 25
8600 26
8601 27
8602 24
8603 34
8604 28
8605 20
8606 26
8607 23
8608 16
8609 19
8610 32
8611 27
8612 21
8613 25
8614 31
8615 28
8616 24
8617 30
8618 31
8619 20
8620 27
8621 24
8622 22
8623 30
8624 30
8625 17
8626 16
8627 25
8628 32
8629 22
8630 23
8631 29
8632 27
8633 23
8634 34
8635 22
8636 31
8637 26
8638 21
8639 30
8640 21
8641 27
8642 24
8643 28
8644 18
8645 31
8646 35
8647 23
8648 24
8649 32
8650 18
8651 27
8652 25
8653 37
8654 26
8655 21
8656 24
8657 27
8658 14
8659 18
8660 23
8661 29
8662 25
8663 16
8664 29
8665 31
8666 28
8667 24
8668 30
8669 26
8670 26
8671 28
8672 27
8673 26
8674 29
8675 24
8676 28
8677 27
8678 28
8679 28
8680 31
8681 32
8682 40
8683 25
8684 18
8685 23
8686 21
8687 30
8688 28
8689 34
8690 20
8691 29
8692 19
8693 21
8694 23
8695 19
8696 19
8697 18
8698 26
8699 26
8700 31
8701 26
8702 26
8703 33
8704 22
8705 28
8706 24
8707 28
8708 17
8709 24
8710 24
8711 30
8712 18
8713 25
8714 26
8715 23
8716 19
8717 17
8718 19
8719 18
8720 29
8721 30
8722 30
8723 25
8724 23
8725 21
8726 16
8727 24
8728 21
8729 20
8730 20
8731 27
8732 23
8733 28
8734 26
8735 20
8736 26
8737 25
8738 29
8739 25
8740 24
8741 28
8742 20
8743 22
8744 27
8745 26
8746 27
8747 22
8748 24
8749 18
8750 22
8751 35
8752 28
8753 19
8754 22
8755 21
8756 27
8757 25
8758 18
8759 22
8760 24
8761 28
8762 20
8763 15
8764 30
8765 29
8766 21
8767 27
8768 17
8769 27
8770 26
8771 18
8772 28
8773 22
8774 25
8775 21
8776 25
8777 27
8778 18
8779 26
8780 22
8781 25
8782 31
8783 26
8784 22
8785 30
8786 27
8787 19
8788 22
8789 21
8790 26
8791 28
8792 25
8793 19
8794 23
8795 19
8796 31
8797 20
8798 30
8799 31
8800 22
8801 22
8802 21
8803 22
8804 24
8805 28
8806 17
8807 19
8808 22
8809 28
8810 26
8811 21
8812 27
8813 21
8814 23
8815 23
8816 22
8817 31
8818 27
8819 28
8820 32
8821 25
8822 25
8823 21
8824 13
8825 27
8826 24
8827 29
8828 34
8829 23
8830 27
8831 23
8832 26
8833 24
8834 15
8835 21
8836 23
8837 29
8838 22
8839 25
8840 26
8841 22
8842 19
8843 17
8844 24
8845 21
8846 20
8847 19
8848 26
8849 23
8850 30
8851 23
8852 22
8853 29
8854 20
8855 18
8856 21
8857 22
8858 10
8859 21
8860 17
8861 24
8862 24
8863 8
8864 26
8865 24
8866 14
8867 20
8868 23
8869 23
8870 13
8871 19
8872 24
8873 17
8874 26
8875 23
8876 17
8877 22
8878 21
8879 30
8880 19
8881 23
8882 22
8883 27
8884 26
8885 26
8886 25
8887 26
8888 27
8889 23
8890 14
8891 23
8892 19
8893 25
8894 19
8895 28
8896 28
8897 27
8898 27
8899 17
8900 14
8901 28
8902 31
8903 25
8904 22
8905 26
8906 24
8907 28
8908 21
8909 23
8910 27
8911 18
8912 22
8913 23
8914 24
8915 23
8916 23
8917 13
8918 22
8919 29
8920 21
8921 19
8922 30
8923 18
8924 19
8925 22
8926 25
8927 22
8928 19
8929 20
8930 26
8931 22
8932 24
8933 23
8934 27
8935 26
8936 18
8937 21
8938 24
8939 20
8940 24
8941 22
8942 19
8943 31
8944 32
8945 19
8946 24
8947 23
8948 17
8949 24
8950 17
8951 19
8952 19
8953 17
8954 24
8955 12
8956 26
8957 18
8958 22
8959 21
8960 21
8961 22
8962 19
8963 25
8964 17
8965 26
8966 24
8967 21
8968 31
8969 18
8970 17
8971 14
8972 18
8973 21
8974 17
8975 15
8976 22
8977 20
8978 16
8979 19
8980 20
8981 25
8982 24
8983 23
8984 30
8985 21
8986 18
8987 21
8988 21
8989 29
8990 23
8991 18
8992 23
8993 20
8994 17
8995 27
8996 21
8997 25
8998 19
8999 26
9000 21
9001 14
9002 18
9003 22
9004 22
9005 22
9006 18
9007 23
9008 19
9009 20
9010 23
9011 20
9012 26
9013 27
9014 25
9015 21
9016 18
9017 15
9018 18
9019 22
9020 19
9021 23
9022 18
9023 23
9024 14
9025 22
9026 26
9027 20
9028 26
9029 18
9030 12
9031 23
9032 22
9033 19
9034 22
9035 20
9036 21
9037 24
9038 26
9039 24
9040 20
9041 25
9042 18
9043 14
9044 24
9045 21
9046 19
9047 15
9048 19
9049 23
9050 20
9051 15
9052 27
9053 27
9054 19
9055 21
9056 17
9057 17
9058 20
9059 9
9060 17
9061 20
9062 21
9063 19
9064 24
9065 35
9066 18
9067 18
9068 23
9069 19
9070 14
9071 25
9072 19
9073 13
9074 20
9075 22
9076 24
9077 15
9078 15
9079 22
9080 11
9081 19
9082 14
9083 19
9084 15
9085 24
9086 14
9087 20
9088 19
9089 19
9090 23
9091 21
9092 13
9093 19
9094 20
9095 26
9096 19
9097 16
9098 20
9099 20
9100 10
9101 13
9102 25
9103 24
9104 18
9105 20
9106 21
9107 28
9108 23
9109 25
9110 20
9111 17
9112 16
9113 29
9114 15
9115 17
9116 17
9117 19
9118 24
9119 21
9120 18
9121 10
9122 25
9123 17
9124 17
9125 26
9126 23
9127 17
9128 22
9129 20
9130 21
9131 23
9132 21
9133 18
9134 31
9135 23
9136 28
9137 20
9138 23
9139 27
9140 22
9141 12
9142 12
9143 18
9144 23
9145 27
9146 20
9147 16
9148 17
9149 24
9150 16
9151 16
9152 17
9153 14
9154 19
9155 21
9156 21
9157 15
9158 23
9159 23
9160 26
9161 26
9162 18
9163 25
9164 13
9165 25
9166 23
9167 17
9168 16
9169 9
9170 24
9171 21
9172 35
9173 19
9174 15
9175 26
9176 23
9177 22
9178 21
9179 13
9180 21
9181 13
9182 16
9183 16
9184 20
9185 21
9186 15
9187 21
9188 24
9189 20
9190 15
9191 16
9192 17
9193 23
9194 25
9195 15
9196 26
9197 22
9198 24
9199 20
9200 16
9201 21
9202 24
9203 11
9204 13
9205 24
9206 25
9207 19
9208 16
9209 16
9210 21
9211 20
9212 18
9213 18
9214 19
9215 15
9216 13
9217 18
9218 23
9219 25
9220 19
9221 22
9222 17
9223 19
9224 19
9225 12
9226 21
9227 17
9228 18
9229 16
9230 26
9231 17
9232 26
9233 14
9234 11
9235 27
9236 10
9237 20
9238 19
9239 12
9240 19
9241 21
9242 13
9243 18
9244 17
9245 22
9246 14
9247 26
9248 21
9249 13
9250 17
9251 23
9252 19
9253 23
9254 21
9255 19
9256 15
9257 23
9258 16
9259 10
9260 25
9261 15
9262 23
9263 20
9264 20
9265 24
9266 19
9267 15
9268 18
9269 17
9270 14
9271 17
9272 18
9273 19
9274 18
9275 15
9276 20
9277 24
9278 24
9279 20
9280 15
9281 26
9282 16
9283 16
9284 23
9285 16
9286 18
9287 15
9288 14
9289 20
9290 20
9291 16
9292 19
9293 16
9294 17
9295 16
9296 25
9297 17
9298 19
9299 25
9300 17
9301 21
9302 21
9303 22
9304 20
9305 21
9306 28
9307 25
9308 25
9309 17
9310 13
9311 20
9312 11
9313 20
9314 8
9315 20
9316 16
9317 18
9318 14
9319 18
9320 16
9321 19
9322 19
9323 22
9324 13
9325 13
9326 15
9327 17
9328 14
9329 26
9330 16
9331 15
9332 13
9333 12
9334 19
9335 16
9336 23
9337 12
9338 17
9339 18
9340 14
9341 16
9342 11
9343 17
9344 17
9345 16
9346 29
9347 19
9348 18
9349 23
9350 24
9351 15
9352 21
9353 17
9354 24
9355 16
9356 11
9357 21
9358 8
9359 13
9360 14
9361 13
9362 10
9363 21
9364 19
9365 22
9366 16
9367 21
9368 15
9369 21
9370 23
9371 12
9372 16
9373 18
9374 14
9375 23
9376 18
9377 14
9378 18
9379 20
9380 20
9381 21
9382 27
9383 15
9384 21
9385 22
9386 20
9387 13
9388 13
9389 9
9390 15
9391 21
9392 14
9393 19
9394 22
9395 15
9396 16
9397 14
9398 19
9399 15
9400 15
9401 21
9402 12
9403 21
9404 17
9405 23
9406 22
9407 22
9408 9
9409 24
9410 20
9411 26
9412 24
9413 19
9414 16
9415 15
9416 10
9417 10
9418 17
9419 23
9420 14
9421 14
9422 18
9423 23
9424 21
9425 16
9426 19
9427 21
9428 20
9429 14
9430 7
9431 16
9432 10
9433 17
9434 18
9435 9
9436 15
9437 20
9438 16
9439 20
9440 14
9441 13
9442 13
9443 10
9444 19
9445 16
9446 15
9447 18
9448 22
9449 16
9450 15
9451 15
9452 14
9453 16
9454 16
9455 15
9456 14
9457 13
9458 13
9459 10
9460 19
9461 13
9462 19
9463 21
9464 16
9465 17
9466 13
9467 23
9468 17
9469 20
9470 16
9471 16
9472 10
9473 14
9474 17
9475 17
9476 15
9477 15
9478 21
9479 13
9480 18
9481 9
9482 19
9483 8
9484 13
9485 12
9486 14
9487 23
9488 15
9489 15
9490 11
9491 14
9492 13
9493 16
9494 16
9495 19
9496 16
9497 20
9498 20
9499 19
9500 21
9501 13
9502 17
9503 13
9504 22
9505 14
9506 12
9507 15
9508 13
9509 23
9510 19
9511 19
9512 16
9513 8
9514 13
9515 14
9516 10
9517 17
9518 12
9519 14
9520 13
9521 19
9522 22
9523 15
9524 14
9525 21
9526 14
9527 9
9528 21
9529 14
9530 15
9531 16
9532 7
9533 8
9534 13
9535 9
9536 18
9537 16
9538 10
9539 18
9540 17
9541 16
9542 15
9543 13
9544 12
9545 12
9546 21
9547 17
9548 15
9549 17
9550 18
9551 9
9552 19
9553 13
9554 23
9555 16
9556 20
9557 14
9558 14
9559 13
9560 21
9561 7
9562 13
9563 16
9564 24
9565 25
9566 16
9567 8
9568 12
9569 14
9570 12
9571 13
9572 20
9573 12
9574 22
9575 17
9576 21
9577 12
9578 16
9579 18
9580 21
9581 22
9582 13
9583 9
9584 8
9585 11
9586 13
9587 6
9588 16
9589 13
9590 11
9591 18
9592 16
9593 19
9594 13
9595 13
9596 13
9597 13
9598 14
9599 17
9600 19
9601 15
9602 10
9603 19
9604 13
9605 11
9606 14
9607 18
9608 16
9609 6
9610 15
9611 7
9612 12
9613 15
9614 15
9615 14
9616 18
9617 16
9618 14
9619 10
9620 20
9621 10
9622 15
9623 17
9624 22
9625 13
9626 9
9627 13
9628 11
9629 16
9630 11
9631 16
9632 15
9633 17
9634 16
9635 17
9636 16
9637 12
9638 12
9639 9
9640 15
9641 12
9642 18
9643 8
9644 12
9645 8
9646 10
9647 12
9648 14
9649 9
9650 9
9651 11
9652 15
9653 11
9654 8
9655 19
9656 19
9657 11
9658 14
9659 18
9660 19
9661 18
9662 9
9663 14
9664 8
9665 9
9666 18
9667 9
9668 9
9669 16
9670 16
9671 16
9672 16
9673 18
9674 14
9675 13
9676 16
9677 20
9678 11
9679 14
9680 18
9681 9
9682 9
9683 11
9684 18
9685 9
9686 14
9687 13
9688 13
9689 8
9690 14
9691 11
9692 17
9693 14
9694 10
9695 18
9696 17
9697 9
9698 8
9699 7
9700 6
9701 15
9702 13
9703 13
9704 15
9705 9
9706 13
9707 19
9708 8
9709 12
9710 11
9711 11
9712 12
9713 11
9714 14
9715 19
9716 15
9717 16
9718 6
9719 22
9720 15
9721 12
9722 10
9723 10
9724 12
9725 10
9726 13
9727 17
9728 22
9729 13
9730 18
9731 17
9732 13
9733 13
9734 12
9735 15
9736 11
9737 16
9738 14
9739 13
9740 7
9741 12
9742 13
9743 16
9744 18
9745 8
9746 12
9747 11
9748 12
9749 14
9750 13
9751 22
9752 12
9753 14
9754 17
9755 18
9756 15
9757 14
9758 22
9759 9
9760 7
9761 12
9762 13
9763 15
9764 13
9765 18
9766 11
9767 11
9768 9
9769 14
9770 12
9771 16
9772 9
9773 12
9774 12
9775 19
9776 18
9777 9
9778 12
9779 13
9780 18
9781 10
9782 16
9783 11
9784 15
9785 13
9786 17
9787 7
9788 19
9789 9
9790 11
9791 16
9792 10
9793 15
9794 6
9795 19
9796 16
9797 12
9798 15
9799 13
9800 19
9801 8
9802 10
9803 6
9804 10
9805 8
9806 13
9807 11
9808 13
9809 14
9810 13
9811 10
9812 13
9813 16
9814 10
9815 11
9816 15
9817 8
9818 15
9819 10
9820 15
9821 13
9822 6
9823 17
9824 14
9825 11
9826 9
9827 15
9828 12
9829 12
9830 19
9831 11
9832 6
9833 20
9834 9
9835 16
9836 13
9837 15
9838 8
9839 11
9840 12
9841 12
9842 18
9843 8
9844 13
9845 7
9846 11
9847 11
9848 13
9849 12
9850 10
9851 12
9852 10
9853 7
9854 10
9855 10
9856 9
9857 20
9858 9
9859 9
9860 14
9861 13
9862 18
9863 11
9864 13
9865 15
9866 12
9867 25
9868 14
9869 8
9870 12
9871 6
9872 15
9873 14
9874 17
9875 9
9876 22
9877 13
9878 14
9879 11
9880 17
9881 16
9882 5
9883 6
9884 12
9885 11
9886 10
9887 12
9888 13
9889 10
9890 14
9891 9
9892 13
9893 8
9894 11
9895 16
9896 5
9897 10
9898 9
9899 13
9900 9
9901 10
9902 6
9903 9
9904 21
9905 10
9906 10
9907 12
9908 12
9909 15
9910 17
9911 10
9912 10
9913 15
9914 11
9915 7
9916 6
9917 12
9918 13
9919 9
9920 15
9921 11
9922 12
9923 9
9924 16
9925 15
9926 13
9927 13
9928 8
9929 10
9930 11
9931 14
9932 16
9933 13
9934 14
9935 10
9936 22
9937 11
9938 14
9939 10
9940 11
9941 13
9942 9
9943 12
9944 6
9945 14
9946 13
9947 17
9948 11
9949 9
9950 8
9951 14
9952 13
9953 15
9954 10
9955 10
9956 13
9957 11
9958 16
9959 12
9960 8
9961 5
9962 15
9963 10
9964 7
9965 11
9966 8
9967 9
9968 10
9969 9
9970 13
9971 14
9972 9
9973 10
9974 9
9975 12
9976 13
9977 14
9978 11
9979 10
9980 13
9981 12
9982 15
9983 15
9984 9
9985 5
9986 6
9987 11
9988 9
9989 14
9990 13
9991 10
9992 14
9993 11
9994 11
9995 12
9996 6
9997 11
9998 12
9999 6
10000 12
10001 43054
